user_input,retrieved_contexts,response,reference,faithfulness,answer_relevancy,context_precision,context_recall,question,answer,collection
本标准适用于哪些类型的汽车？,"['4.17.8 采用了主被动安全新技术、新装置、新结构的机动车，新技术、新装置、新结构的性能不应低于\n\n本标准及其他机动车强制性国家标准对应的运行安全技术要求。\n\n# 5 发动机和驱动电机\n\n5.1 发动机应能起动,怠速稳定,机油压力和温度正常。发动机功率应大于或等于标牌(或产品使用说明书)标明的发动机功率的 75%。  \n5.2 柴油机停机装置应有效。  \n5.3 发动机起动、燃料供给、润滑、冷却和进排气等系统的机件应齐全。  \n5.4 纯电动汽车的电机系统应运转平稳。\n\n# 6 转向系', '4.15.7 旅居挂车的产品使用说明书应注明连接装置对应的国家标准或国际标准号，并明示车辆行驶过程中旅居室内不得载人。  \n4.15.8 纯电动汽车、燃料电池汽车、混合动力汽车的产品说明书中，应注明操作安全和故障防护特殊要求。  \n4.15.9 专项作业车的产品使用说明书应注明其装备的专用设备或器具的类型、规格、专用功能关键技术参数和专项作业的特殊说明；其他装备有专用仪器或设备的汽车的产品使用说明书，应对其装备的专用设备或器具的类型、规格予以说明。  \n4.15.10 三轮汽车的产品使用说明书应明示所有操纵机构的操作说明。  \n4.15.11 轮式专用机械车、特型机动车的产品使用说明书应明示其制造时所执行的相关国家标准和/或行业标准的标准顺序号和年号。  \n4.15.12 机动车的产品使用说明书的所有文字性内容均应有中文。\n\n# 4.16 乘用车列车的特殊要求\n\n4.16.1 组成乘用车列车的乘用车应符合以下要求：', '# 8 同一型式判定\n\n# 8.1 腿型试验同一型式要求\n\n如符合下述规定，在腿型试验方面则视为同一型式：\n\n——车辆基准标记的高度变化不大于25 mm；  \n——与试验结果相关的车辆外部前保险杠蒙皮、格栅、灯具、发动机罩等型号及生产企业无变化；  \n——与试验结果相关的车辆内部前防撞梁、吸能构件（如吸能泡沫）、副横梁等型号及生产企业无变化。\n\n# 8.2 头型试验同一型式要求\n\n如符合下述规定，在头型试验方面则视为同一型式：\n\n——车辆基准标记的高度变化不大于25 mm；  \n——与试验结果相关的发动机罩、翼子板、发动机罩铰链、通风盖板、灯具、刮水器、前风窗玻璃等型号及生产企业无变化；  \n——发动机罩内表面向下100 mm范围内，发动机和/或驱动电机、蓄电池等内部构件上表面与发动机罩内表面间隙相同或增大。\n\n# 9 标准的实施\n\n对于新申请型式批准的车型，自本文件实施之日起开始执行。\n\n对于已获得型式批准的车型，自本文件实施之日起第25个月开始执行。', 'GB 26511 商用车前下部防护要求\n\nGB/T 26774 车辆运输车通用技术条件\n\nGB/T 30036 汽车用自适应前照明系统\n\nGB 30678 客车用安全标志和信息符号\n\nGB/T 31883 道路车辆 牵引连接件、牵引杆孔、牵引座牵引销、连接钩及环形孔机械连接件使用磨损极限\n\nGB 34655 客车灭火装备配置要求\n\nGA 524 2004 式警车汽车类外观制式涂装规范\n\nGA 525 2004 式警车摩托车类外观制式涂装规范\n\nGA 923 公安特警专用车辆外观制式涂装规范\n\nGA 1264 公共汽车客舱固定灭火系统\n\n# 3 术语和定义\n\n下列术语和定义适用于本文件。\n\n3.1\n\n# 机动车 power-driven vehicle\n\n由动力装置驱动或牵引，上道路行驶的供人员乘用或用于运送物品以及进行工程专项作业的轮式车辆，包括汽车及汽车列车、摩托车、拖拉机运输机组、轮式专用机械车、挂车。\n\n3.2\n\n# 汽车 motor vehicle\n\n由动力驱动、具有四个或四个以上车轮的非轨道承载的车辆，包括与电力线相联的车辆（如无轨电车）；主要用于：', '——修改了电动汽车操纵件、指示器及信号装置的图形标志要求，以及多用途货车、罐式危险货物运输车辆、冷藏车的喷涂要求（见4.7.1、4.7.6，2012年版的4.8.1、4.8.6）；  \n——修改了放大的号牌号码的喷涂/粘贴/放置要求及载客汽车的外观喷涂、行李舱可运载的最大行李总质量的标识要求(见4.7.7、4.7.8,2012年版的4.8.7、4.8.8);  \n——增加了部分最大设计车速小于 $70 \\, km/h$ 的汽车应在车身后部喷涂/悬挂表示最大设计车速的标记的要求(见 4.7.11);  \n——删除了机动车外观应整洁的要求(见2012年版的4.9.1);  \n——修改了机动车的漏水、漏油检查要求(见4.9、4.10,2012年版的4.10、4.11);  \n——修改了行驶轨迹要求(见 4.12,2012 年版的 4.13);  \n——修改了驾驶人耳旁噪声要求(见 4.13,2012 年版的 4.14、附录 A);  \n——修改了产品使用说明书的要求(见 4.15,2012 年版的 4.16);  \n——增加了乘用车列车的特殊要求(见 4.16);']",文档未明确列出本标准适用的具体汽车类型。它仅给出定义：汽车是由动力驱动、具有四个或四个以上车轮的非轨道承载车辆，包括与电力线相联的车辆（如无轨电车）。另外，机动车包括汽车及汽车列车、摩托车、挂车等，但未说明本标准的适用范围。,本标准适用于M₁类汽车和最大设计总质量不大于2500 kg的N₁类汽车，以及多用途货车。,0.5,0.0,0.0,0.0,本标准适用于哪些类型的汽车？,文档未明确列出本标准适用的具体汽车类型。它仅给出定义：汽车是由动力驱动、具有四个或四个以上车轮的非轨道承载车辆，包括与电力线相联的车辆（如无轨电车）。另外，机动车包括汽车及汽车列车、摩托车、挂车等，但未说明本标准的适用范围。,md_collection
根据B.1.2，计算HPC值时，t2-t1的时间间隔有何限制？,"['$$\nV _ {(t)} = \\frac {8 \\left[ D _ {(t + 1)} - D _ {(t - 1)} \\right] - \\left[ D _ {(t + 2)} - D _ {(t - 2)} \\right]}{1 2 \\delta_ {t}} \\quad \\dots \\tag {B.3}\n$$\n\n式中：\n\n$D_{(t)}$ ——对时间的变形量,单位为米(m);\n\n$\\delta_{t}$ ——测量变形量的时间间隔，单位为秒(s)， $\\delta_{t}$ 的最大值为 $1.25 \\times 10^{-4}$ s。\n\n计算流程见图 B.1:\n\n![](images/2e2c17387cae7c0cfeead5cc63b2ce87f0ed9cfad821bdc8986b51f78b28e917.jpg)\n\n<details>\n<summary>flowchart</summary>', '示例: 若试验当天的 $t_{d1}$ 对应时段为 7:00—8:10, $t_{d2}$ 对应时段为 14:00—15:25, $t_{n1}$ 对应时段为 17:00—18:30, $t_{n2}$ 对应时段为 1:00—2:50，则 6:00—10:00 可为覆盖 $t_{d1}$ 的单次连续试验时间，13:00—17:00 可为覆盖 $t_{d2}$ 的单次连续试验时间，17:00—21:00 可为覆盖 $t_{n1}$ 的单次连续试验时间，0:00—4:00 可为覆盖 $t_{n2}$ 的单次连续试验时间。\n\n# 11 同一型式判定\n\n# 11.1 基础单车道组合驾驶辅助系统和基础多车道组合驾驶辅助系统的直接视同条件\n\n在进行除 4.9～4.11、附录 C、附录 D 以及附录 F 以外的相关试验时，如符合下述全部规定，则视为同一型式：', '式中：\n\na ——按照 5.5.2.1 测量出的合成加速度,用 g 来表示 $(1\\ g=9.81\\ m/s^{2})$ 。\n\n$t_{2}-t_{1}$ ——如果能够确定头部起始接触时刻，那么 $t_{1}$ 和 $t_{2}$ 为两个时刻，单位为秒(s)，表示头部接触起点与记录结束两个时刻之间的某一段时间间隔，在该时间间隔内HPC值应为最大。如果不能确定头部起始接触时刻，那么 $t_{1}$ 和 $t_{2}$ 为两个时刻，单位为秒(s)，表示记录开始与记录结束两个时刻之间的某一段时间间隔，在该时间间隔内HPC值应为最大。 $t_{2}-t_{1}\\leqslant36\\ ms$ 。\n\nB.1.3 在前向碰撞中头部的合成加速度累积超过 3 ms 的数值由按照 5.5.2.1 测量出的合成头部加速度计算出。\n\n# B.2 颈部伤害指标(NIC)', '[用 rad/s(弧度/秒)表示]。\n\nD.1.11\n\n环境 environment\n\n在给定的时刻,数据通道所处的外部条件与受到的影响的总称。\n\n# D.2 性能要求\n\n# D.2.1 线性误差\n\nCFC 中任何频率下数据通道的线性误差的绝对值,在整个测量范围内,应等于或小于 CAC 值的 2.5%。\n\n# D.2.2 幅值对频率的关系\n\n数据通道的频率响应应位于图 D.1 给定的限定曲线内。0 dB 线由标定系数确定。\n\n# D.2.3 相位滞后时间\n\n数据通道的输入与输出信号之间的相位滞后时间，在 $0.03F_{H}$ 与 $F_{H}$ 之间，不应超过 $1/(10F_{H})s$ 。\n\n# D.2.4 时间\n\n# D.2.4.1 时基\n\n时基应予记录并至少为 1/100 s，精度为 1%。\n\n# D.2.4.2 相对时间延迟\n\n两个或多个数据通道信号之间的相对时间延迟,不管何频率等级,应不超过 1 ms,除去因相位漂移而产生的滞后。\n\n信号混合在一起的两个或多个数据通道应具有相同的频率等级且相对时间延迟应不超过 $1/(10F_{\\mathrm{H}})$ s。', '$$\n\\mathrm{HIC} = \\left(t _ {2} - t _ {1}\\right) \\left[ \\frac {1}{t _ {2} - t _ {1}} \\int_ {t _ {1}} ^ {t _ {2}} a \\mathrm{d} t \\right] ^ {2. 5}\n$$\n\n式中：\n\nHIC ——头部重心三维合成加速度；\n\na ——头部重心位置的合成减速度/加速度 $g=9.81\\ m/s^{2}$ ;\n\n$t_{1}$ 、 $t_{2}$ ——如果头部接触初始时刻能很好地确定，则 $t_{1}$ 和 $t_{2}$ 为碰撞开始时刻到能获得最大 HIC 的结束时刻期间的任意值；如果头部接触初始时刻无法很好地确定，则 $t_{1}$ 和 $t_{2}$ 为碰撞开始时刻到能获得最大 HIC 的结束时刻期间的任意值。单位为秒(s)。\n\n计算最大 HIC 的积分时间区间 $(t_{2}-t_{1})$ 不应大于 15 ms。']",根据B.1.2，计算HPC值时，时间间隔 \(t_2-t_1\) 应不大于 36 ms，即 \(t_2-t_1 \le 36\ \text{ms}\)。该时间间隔应选取使HPC值最大的时间段。,t2-t1的时间间隔应不大于36 ms。,,0.9006718542635771,0.3333333333,1.0,根据B.1.2，计算HPC值时，t2-t1的时间间隔有何限制？,根据B.1.2，计算HPC值时，时间间隔 \(t_2-t_1\) 应不大于 36 ms，即 \(t_2-t_1 \le 36\ \text{ms}\)。该时间间隔应选取使HPC值最大的时间段。,md_collection
根据标准，正面固定壁障碰撞试验中，车辆碰撞瞬间的速度应为多少？,"['<details>\n<summary>natural_image</summary>\n\nTop-down schematic of a car interior layout with seating arrangement and side profile (no text or labels)\n</details>\n\n图 7 后面保险杠动态试验示意图\n\n# 5.4 低速碰撞试验\n\n# 5.4.1 正面低速碰撞试验\n\n刚性壁障前端面与测试车辆横向垂面的夹角为 $10^{\\circ} \\pm 1^{\\circ}$ 。测试车辆与刚性壁障的初始接触位于前排乘员侧，且刚性壁障前表面与车辆的重叠率为前部车辆宽度的 $40\\%$ ，最大允许横向偏差为 $\\pm 25 \\mathrm{~mm}$ 。试验车辆的碰撞速度为 $15_{0}^{+1} \\mathrm{~km} / \\mathrm{h}$ ，速度应在接触壁障前 $1 \\mathrm{~m}$ 内测量，如图8所示。', '# 5.1 设施及车辆准备\n\n# 5.1.1 试验场地\n\n试验场地应足够大，以容纳跑道、壁障和试验必需的技术设施。在壁障前至少 5 m 的跑道应水平、平坦和光滑。\n\n# 5.1.2 壁障\n\n壁障由钢筋混凝土制成，前部宽度不小于 3 m，高度不小于 1.5 m。壁障厚度应保证其质量不低于 $7 \\times 10^{4}$ kg。壁障前表面应铅垂，其法线应与车辆直线行驶方向成 $0^{\\circ}$ 夹角，且壁障表面应覆以 $20 \\, mm \\pm 1 \\, mm$ 厚、状态良好的胶合板（见图 5）。如果有必要，应使用辅助定位装置将壁障固定在地面上，以限制其位移。\n\n# 5.1.3 壁障的定位\n\n壁障的方位应使碰撞角为 $0^{\\circ}$ 。\n\n![](images/262f2638c7de176535a0b58ac4f3af8ee1c4ca707ab15be294221c1dd4ac6888.jpg)\n\n<details>\n<summary>natural_image</summary>', '# 6.3 移动壁障驱动型式\n\n碰撞装置应固定在移动台车上组成刚性移动壁障，并使用外部动力驱动。\n\n# 6.4 移动壁障的试验要求\n\n6.4.1 碰撞装置用刚性约束部件固定于移动台车上，不应因碰撞而产生变形。在碰撞瞬间，移动壁障应能与牵引装置脱离，使其自由移动。  \n6.4.2 移动壁障质量为 $1400 \\, kg \\pm 20 \\, kg$ ，其重心在纵向中垂面 $10 \\, mm$ 内，距前轴 $1000 \\, mm \\pm 30 \\, mm$ ，距地面 $500 \\, mm \\pm 30 \\, mm$ 。移动壁障轴距为 $3000 \\, mm \\pm 10 \\, mm$ ，前、后轮距为 $1500 \\, mm \\pm 10 \\, mm$ 。  \n6.4.3 碰撞试验速度为 $50 \\, km/h \\pm 1 \\, km/h$ ，并且该速度至少在碰撞接触前 $1 \\, m$ 内保持稳定。用于测量移动壁障速度仪器的准确度不低于 1%。\n\n# 6.5 移动壁障质量和速度的特殊要求', '图 M.3 侧面碰撞中滑车与门板相对速度随时间变化的曲线\n\n# 附录 N\n\n# (规范性)\n\n# 前面碰撞试验程序\n\n# N.1 试验场地\n\n试验场地应足够大,以容纳跑道、壁障和试验必需的技术设施。在壁障前至少 5 m 的跑道应水平、平坦和光滑。\n\n# N.2 壁障\n\n壁障由钢筋混凝土制成，前部宽度不小于3 m，高度不小于1.5 m。壁障厚度应保证其质量不低于70 t。壁障前表面应铅垂，其法线应与车辆直线行驶方向呈0°夹角，且壁障表面应覆以厚20 mm±1 mm状态良好的胶合板。壁障应放在地面上，如果有必要，应使用辅助定位装置将壁障固定在地面上，以限制其位移。虽与上述要求不同，但能得出相同结果的壁障也可使用。\n\n# N.3 车辆的驱动\n\n在碰撞瞬间,车辆应不再承受任何附加转向或驱动装置的作用。应保证车辆以垂直于壁障的方向接触壁障;车辆正面的垂直中心线与壁障的垂直中心线之间允许的横向最大水平偏移量为 $\\pm300\\ mm$ 。\n\n# N.4 车辆状况\n\nN.4.1 试验车辆应安装所有正常运行状态下的部件和装备,试验车辆质量应为车辆的整备质量。', 'Top-down schematic of a car showing front and side views with no text or symbols\n</details>\n\n图 6 正面保险杠动态试验示意图\n\n# 5.3.2 后面保险杠动态试验\n\n保险杠壁障离地高度为 $405 \\, mm \\pm 3 \\, mm$ ，车辆以 $10.0 \\, km/h \\pm 0.5 \\, km/h$ 的速度 100% 重叠率撞击保险杠壁障，撞击过程中车辆中心线应与壁障中心线重合，最大允许横向偏差 $\\pm 50 \\, mm$ 。当车辆接触到碰撞壁障时刻，车辆的车身高度与撞击前车辆静态下测量的车身高差应不大于 $10 \\, mm$ ，如图 7 所示。\n\n![](images/d8ada43ee19ce9a42ef23d815bbe1ee2e581d5b3f5b47a9ec189ec33804d7bac.jpg)\n\n<details>\n<summary>natural_image</summary>']",根据标准，正面固定壁障碰撞试验中，车辆碰撞瞬间的速度应为 \(15_{0}^{+1} \ \mathrm{km/h}\)，即下限为 15 km/h、上限为 16 km/h。该速度应在接触壁障前 1 m 内测量。,在碰撞瞬间，车辆的速度应为 49 km/h～51 km/h。并且该速度至少在碰撞前 1 m 内保持稳定。,1.0,0.969582052325285,0.3333333333,0.0,根据标准，正面固定壁障碰撞试验中，车辆碰撞瞬间的速度应为多少？,根据标准，正面固定壁障碰撞试验中，车辆碰撞瞬间的速度应为 \(15_{0}^{+1} \ \mathrm{km/h}\)，即下限为 15 km/h、上限为 16 km/h。该速度应在接触壁障前 1 m 内测量。,md_collection
对于已获得型式批准的最大总质量不小于1500 kg的N₁类车型，自本文件实施之日起第几个月开始执行？,"['对于已获得型式批准的最大总质量不小于 $1500 \\, kg$ 的 $N_{1}$ 类车型，自本文件实施之日起第 37 个月开始执行。\n\n# 参考文献\n\n[1] GB 18384—2020 电动汽车安全要求  \n[2] GB/T 19596—2017 电动汽车术语   \n[3] GB 20072—2024 乘用车后碰撞安全要求   \n[4] GB/T 35360—2017 汽车转向系统术语和定义', 'c) 头型试验：\n\n1) 与试验结果相关的转向操纵支撑装置结构型式、生产企业及型号相同；  \n2）与试验结果相关的转向操纵装置结构型式、生产企业及型号相同；  \n3) 与试验结果相关的转向操纵装置安全气囊生产企业及型号相同；  \n4) 转向操纵支撑装置安装角度相同。\n\n# 8 标准的实施\n\n对于新申请型式批准的 $M_{1}$ 类和最大总质量小于 1500 kg 的 $N_{1}$ 类车型以及多用途货车，自本文件实施之日起开始执行。\n\n对于新申请型式批准的最大总质量不小于 $1500 \\, kg$ 的 $N_{1}$ 类车型，自本文件实施之日起第 13 个月开始执行。\n\n对于已获得型式批准的 $M_{1}$ 类和最大总质量小于 1500 kg 的 $N_{1}$ 类车型以及多用途货车，自本文件实施之日起第 25 个月开始执行。\n\n对于已获得型式批准的最大总质量不小于 $1500 \\, kg$ 的 $N_{1}$ 类车型，自本文件实施之日起第 37 个月开始执行。\n\n# 参考文献', '15.3 7.8.1 储气筒额定工作气压的要求,自本标准实施之日起第 25 个月开始对新定型车实施。\n\n15.4 8.6.6 乘用车应配备事件数据记录系统或车载视频行驶记录装置的要求,自本标准实施之日起第37个月开始对新生产车实施。\n\n15.5 4.17.3 关于车长大于 11 m 的公路客车和旅游客车应装备符合标准规定的自动紧急制动系统的要求，以及 7.2.12 总质量大于或等于 12 000 kg 的危险货物运输货车应装备电控制动系统的要求，自本标准实施之日起第 37 个月开始对所有新定型车实施。\n\n15.6 4.17.3 关于车长大于 11 m 的公路客车和旅游客车应装备符合标准规定的车道保持辅助系统的要求，自本标准实施之日起第 49 个月开始对所有新定型车实施。\n\n15.7 本标准较 GB 7258—2012 新增的涉及车辆结构及安全装置的技术要求,以及 4.4.3.5 中未设置乘客站立区的客车的核定乘员数应小于或等于 56 人的要求,不适用于本标准实施之日前出厂的机动车。\n\n15.8 本标准涉及实施过渡期的要求,机动车生产厂家提前实施的应视为满足要求。\n\n# 参考文献', '# GB 7258—2017《机动车运行安全技术条件》\n\n# 国家标准第 1 号修改单\n\n本修改单经国家市场监督管理总局(国家标准化管理委员会)于2019年7月29日批准发布。其中，第一条、第二条自批准之日起实施。第三条，自2019年11月1日起，对新生产的车长大于或等于6 m的设有乘客站立区的客车和未设置乘客站立区的公共汽车实施；自2020年8月1日起，对新生产的车长大于9 m的公路客车和旅游客车实施。第四条和第五条自2019年8月1日起对新生产车实施。\n\n# 一、将 4.4.1.4 条修改为：\n\n4.4.1.4 牵引杆挂车列车的牵引杆挂车的最大允许装载质量应小于或等于货车的最大允许装载质量。中置轴挂车列车的中置轴挂车的总质量应小于或等于货车的总质量。\n\n# 二、将 4.6.3 条修改为：\n\n4.6.3 除消防车、特型机动车、两轮普通摩托车和轻便摩托车外的其他机动车，在空载、静态状态下，向左侧和右侧倾斜的侧倾稳定角应大于或等于：', 'a）认为已做的变更没有明显的不利影响，并且在任何情况下车辆仍能满足本标准的要求；  \nb) 按照变更的特征,要求负责进行试验的检验机构进行下列试验之一:\n\n1）影响车辆结构基本型式和/或车辆质量变化大于8%的任何变更，根据检验机构的判定，认为对试验结果产生明显影响，应重复第5章所规定的试验；  \n2）若变更仅涉及内部装备、质量变化不大于8%，且车辆上最初提供的前排座位数保持不变，则应进行下列试验：\n\n——附录 E 所规定的简化试验, 和/或;\n\n——针对所作的变更,由检验机构确定的部分试验。\n\n# 7 标准实施的过渡期要求\n\n7.1 对于新申请型式批准车型,自标准发布之日起1年后开始执行,其中 $N_{1}$ 类汽车和多用途货车自标准发布之日起2年后开始执行。  \n7.2 对于在生产车型,自标准发布之日起3年后开始执行。\n\n# 附录 A\n\n# (规范性附录)\n\n# 乘坐位置 H 点和实际靠背角的确定程序\n\n# A.1 概述\n\n本附录所述程序用于确定汽车中一个或几个乘坐位置的 H 点和实际靠背角,以及检验测量数据与车辆制造厂给定的设计技术要求之间的关系。 $^{1)}$\n\n# A.2 名词解释']",对于已获得型式批准的最大总质量不小于1500 kg的N₁类车型，自本文件实施之日起第37个月开始执行。,自本文件实施之日起第37个月开始执行。,1.0,0.9382077803868802,0.8666666666377778,1.0,对于已获得型式批准的最大总质量不小于1500 kg的N₁类车型，自本文件实施之日起第几个月开始执行？,对于已获得型式批准的最大总质量不小于1500 kg的N₁类车型，自本文件实施之日起第37个月开始执行。,md_collection
本标准中B级电压的直流和交流最大工作电压范围分别是多少？,"['[来源:GB/T 12113—2023,3.1]\n\n# 4 电压等级\n\n4.1 根据最大工作电压,电气元件或电路按表 1 进行分级。\n\n表 1 电压等级  \n单位为伏特\n\n<table><tr><td rowspan=""2"">电压等级</td><td colspan=""2"">最大工作电压(U)</td></tr><tr><td>直流</td><td>交流(rms)</td></tr><tr><td>A</td><td>0&lt;U≤60</td><td>0&lt;U≤30</td></tr><tr><td>B</td><td>60&lt;U≤1 500</td><td>30&lt;U≤1 000</td></tr></table>\n\n4.2 对于相互传导连接的 A 级电压电路和 B 级电压电路，当电路中直流带电部件的一极与电平台相连，其他任一带电部分与这一极的最大电压值不大于 30 V (a.c.) (rms) 且不大于 60 V (d.c.)，则该传导连接电路不完全属于 B 级电压电路，只有以 B 级电压运行的部分才被认定为 B 级电压电路。\n\n# 5 安全要求\n\n# 5.1 人员触电防护要求', '# 5.1.4.3 电位均衡要求\n\n用于防护与 B 级电压电路直接接触的外露可导电部分(例如:可导电外壳和遮栏),应传导连接到电平台,且满足以下要求:\n\na）外露可导电部分与电平台间的连接阻抗应不大于 $0.1 \\Omega$ ;  \nb) 电位均衡通路中,任意两个可以被人同时触碰到的外露可导电部分,即距离不大于 $2.5 \\, m$ 的两个可导电部分间电阻应不大于 $0.2 \\, \\Omega$ 。\n\n若采用焊接的连接方式,则视作满足上述电位均衡要求。\n\n# 5.1.4.4 电容耦合要求\n\n电容耦合至少满足以下要求之一。\n\na) B 级电压电路中, 任何 B 级电压带电部件和电平台之间的总电容在其最大工作电压时存储的能量应小于 0.2 J, 且在存储能量释放后, 稳态接触电流不应超过 5 mA (a.c.) 和 25 mA (d.c.)。此外, 若有 B 级电压电路相互隔离, 则各相互隔离的电路都应小于 0.2 J。\n\nb) B 级电压电路至少有遮栏、外壳或两层绝缘层，外壳或遮栏应能承受不低于 10 kPa 的压强，不发生明显的塑性变形。', '# 5 安全要求\n\n# 5.1 人员触电防护要求\n\n# 5.1.1 通则\n\n# 5.1.1.1 人员触电防护要求应包括以下四个部分：\n\n——高压标记要求；  \n——直接接触防护要求；  \n——间接接触防护要求；  \n——防水要求。\n\n5.1.1.2 对于相互传导连接的 A 级电压电路和 B 级电压电路，当电路中直流带电部件的一极与电平台连接，其他任一带电部分与这一极的最大电压值不大于 30 V (a.c.) (rms) 且不大于 60 V (d.c.)，则 5.1.4.1、5.1.4.2、5.1.4.3 和 5.1.5 的要求对该电路（包括直流部分和交流部分）不适用。\n\n# 5.1.2 高压标记要求\n\n# 5.1.2.1 高压警告标记要求', '7 同一型式判定…… 17  \n8 标准的实施…… 18  \n附录 A（规范性） B 级电压零部件防水性能验证方法 …… 19\n\nA.1 制造商提供资料要求 19  \nA.2 B级电压零部件防水测试方法……20\n\n参考文献 21\n\n# 前言\n\n本文件按照 GB/T 1.1—2020《标准化工作导则 第1部分:标准化文件的结构和起草规则》的规定起草。\n\n本文件代替 GB 18384—2020《电动汽车安全要求》，与 GB 18384—2020 相比，除结构调整和编辑性改动外，主要技术变化如下：\n\n——更改了范围(见第1章,2020年版的第1章);\n\n——增加了术语“高压维修断开装置”“低压维修断开装置”“高压连接器”“驱动系统电源切断”“接触电流”（见3.2、3.3、3.5、3.7、3.8）；\n\n——更改了高压警告标记要求(见 5.1.2.1,2020 年版的 5.1.2.1);\n\n——更改了遮栏或外壳要求(见 5.1.3.2,2020 年版的 5.1.3.2);\n\n——更改了高压连接器要求(见 5.1.3.3,2020 年版的 5.1.3.3);', '[来源:GB 20072—2024,3.2]\n\n3.14\n\nB 级电压电路 voltage class B electric circuits\n\n最大工作电压大于 $30 \\, \\text{V a.c. (rms)}$ 且小于或等于 $1000 \\, \\text{V a.c. (rms)}$ ，或大于 $60 \\, \\text{V d.c.}$ 且小于或等于 $1500 \\, \\text{V d.c.}$ 的电力组件或电路。\n\n[来源:GB/T 19596—2017,3.1.3.2.19]\n\n3.15\n\n可充电储能系统 rechargeable electrical energy storage system; REESS\n\n可充电的且可以提供电能的能量储存系统。\n\n注：不包括为启动发动机、照明或其他车辆辅助系统供电的储能系统。\n\n[来源:GB 18384—2020,3.1,有修改]\n\n# 4 一般要求']",根据本标准，B级电压的直流最大工作电压范围为大于60 V且小于或等于1500 V；交流最大工作电压范围为大于30 V（rms）且小于或等于1000 V（rms）。,B级电压的直流最大工作电压范围为60V<U≤1500V，交流(rms)最大工作电压范围为30V<U≤1000V。,1.0,0.8855602673768729,0.699999999965,1.0,本标准中B级电压的直流和交流最大工作电压范围分别是多少？,根据本标准，B级电压的直流最大工作电压范围为大于60 V且小于或等于1500 V；交流最大工作电压范围为大于30 V（rms）且小于或等于1000 V（rms）。,md_collection
在整车底部防护验证试验中，车辆应以什么速度驶过壁障？,"['<details>\n<summary>natural_image</summary>\n\nTop-down schematic of a car interior layout with seating arrangement and side profile (no text or labels)\n</details>\n\n图 7 后面保险杠动态试验示意图\n\n# 5.4 低速碰撞试验\n\n# 5.4.1 正面低速碰撞试验\n\n刚性壁障前端面与测试车辆横向垂面的夹角为 $10^{\\circ} \\pm 1^{\\circ}$ 。测试车辆与刚性壁障的初始接触位于前排乘员侧，且刚性壁障前表面与车辆的重叠率为前部车辆宽度的 $40\\%$ ，最大允许横向偏差为 $\\pm 25 \\mathrm{~mm}$ 。试验车辆的碰撞速度为 $15_{0}^{+1} \\mathrm{~km} / \\mathrm{h}$ ，速度应在接触壁障前 $1 \\mathrm{~m}$ 内测量，如图8所示。', '# 5.1 设施及车辆准备\n\n# 5.1.1 试验场地\n\n试验场地应足够大，以容纳跑道、壁障和试验必需的技术设施。在壁障前至少 5 m 的跑道应水平、平坦和光滑。\n\n# 5.1.2 壁障\n\n壁障由钢筋混凝土制成，前部宽度不小于 3 m，高度不小于 1.5 m。壁障厚度应保证其质量不低于 $7 \\times 10^{4}$ kg。壁障前表面应铅垂，其法线应与车辆直线行驶方向成 $0^{\\circ}$ 夹角，且壁障表面应覆以 $20 \\, mm \\pm 1 \\, mm$ 厚、状态良好的胶合板（见图 5）。如果有必要，应使用辅助定位装置将壁障固定在地面上，以限制其位移。\n\n# 5.1.3 壁障的定位\n\n壁障的方位应使碰撞角为 $0^{\\circ}$ 。\n\n![](images/262f2638c7de176535a0b58ac4f3af8ee1c4ca707ab15be294221c1dd4ac6888.jpg)\n\n<details>\n<summary>natural_image</summary>', '1\n2\n30+4\n0\n正视图\n右视图\n</details>\n\n标引序号说明：\n\n1——REESS;  \n2——REESS薄弱点；  \n3——壁障。\n\n图 11 壁障定位示意图\n\n# 6.3.2.4 碰撞偏移量\n\n球形壁障中心线与撞击点横向偏差应不大于 25 mm。\n\n# 6.3.3 车辆的驱动\n\n车辆不应靠自身动力驱动。在碰撞瞬间，车辆应不再受任何附加转向或驱动装置的作用。\n\n# 6.3.4 试验速度\n\n车辆牵引加速度不大于 0.3g，车辆以 $35^{+1}_{0}$ km/h 的速度沿前进方向驶过壁障，并且该速度至少在碰撞前 1 m 内保持稳定。试验示意图如图 12 所示。\n\n![](images/46d382d7ffc22e77b9c59162c828ae7595114e8f560515bfad83d76287f70c3c.jpg)\n\n<details>\n<summary>text_image</summary>\n\n前进方向\n</details>\n\n图 12 整车底部防护验证试验示意图\n\n# 6.4 安全功能防护', '# 6.3 移动壁障驱动型式\n\n碰撞装置应固定在移动台车上组成刚性移动壁障，并使用外部动力驱动。\n\n# 6.4 移动壁障的试验要求\n\n6.4.1 碰撞装置用刚性约束部件固定于移动台车上，不应因碰撞而产生变形。在碰撞瞬间，移动壁障应能与牵引装置脱离，使其自由移动。  \n6.4.2 移动壁障质量为 $1400 \\, kg \\pm 20 \\, kg$ ，其重心在纵向中垂面 $10 \\, mm$ 内，距前轴 $1000 \\, mm \\pm 30 \\, mm$ ，距地面 $500 \\, mm \\pm 30 \\, mm$ 。移动壁障轴距为 $3000 \\, mm \\pm 10 \\, mm$ ，前、后轮距为 $1500 \\, mm \\pm 10 \\, mm$ 。  \n6.4.3 碰撞试验速度为 $50 \\, km/h \\pm 1 \\, km/h$ ，并且该速度至少在碰撞接触前 $1 \\, m$ 内保持稳定。用于测量移动壁障速度仪器的准确度不低于 1%。\n\n# 6.5 移动壁障质量和速度的特殊要求', 'Top-down schematic of a car showing front and side views with no text or symbols\n</details>\n\n图 6 正面保险杠动态试验示意图\n\n# 5.3.2 后面保险杠动态试验\n\n保险杠壁障离地高度为 $405 \\, mm \\pm 3 \\, mm$ ，车辆以 $10.0 \\, km/h \\pm 0.5 \\, km/h$ 的速度 100% 重叠率撞击保险杠壁障，撞击过程中车辆中心线应与壁障中心线重合，最大允许横向偏差 $\\pm 50 \\, mm$ 。当车辆接触到碰撞壁障时刻，车辆的车身高度与撞击前车辆静态下测量的车身高差应不大于 $10 \\, mm$ ，如图 7 所示。\n\n![](images/d8ada43ee19ce9a42ef23d815bbe1ee2e581d5b3f5b47a9ec189ec33804d7bac.jpg)\n\n<details>\n<summary>natural_image</summary>']",在整车底部防护验证试验中，车辆应以 \(35^{+1}_{0}\) km/h 的速度沿前进方向驶过壁障。该速度至少在碰撞前 1 m 内保持稳定，且牵引加速度不大于 0.3g。,车辆应以35(+1/0) km/h的速度沿前进方向驶过壁障，并且该速度至少在碰撞前1m内保持稳定。,1.0,0.9655166665939126,0.3333333333,1.0,在整车底部防护验证试验中，车辆应以什么速度驶过壁障？,在整车底部防护验证试验中，车辆应以 \(35^{+1}_{0}\) km/h 的速度沿前进方向驶过壁障。该速度至少在碰撞前 1 m 内保持稳定，且牵引加速度不大于 0.3g。,md_collection
《乘用车后碰撞安全要求》标准中，碰撞试验后，如果燃油供给系统出现液体连续泄漏，在碰撞后前5分钟的平均泄漏速度应不大于多少？,"['5.1 按照第 6 章的规定进行试验,应符合 5.2\\~5.11 的规定。  \n5.2 碰撞试验过程中,燃油供给系统不应发生液体泄漏。  \n5.3 碰撞试验后,如果燃油供给系统出现液体连续泄漏,在碰撞后前 5 min 平均泄漏速度应不大于 30 g/min; 如果燃油供给系统泄漏的液体与其他系统泄漏的液体混合,且不同的液体无法分离和辨认,则应根据收集到的所有液体评价连续泄漏量。  \n5.4 碰撞试验过程中和碰撞试验后,低压辅助系统供电的蓄电池应保持在安装位置且电缆线保持连接和供电,其内部化学物质不应泄漏至乘员舱。  \n5.5 对于带有 B 级电压电路的纯电动汽车及混合动力汽车，碰撞试验后车辆包括 REESS 的动力用高压系统及与其传导连接的高压部件应符合 GB/T 31498—2021 中 4.2 防触电保护要求、4.3 电解液泄漏要求和 4.4 REESS 要求。  \n5.6 碰撞试验过程中,车门(不包含后背门或尾门)不应开启。  \n5.7 碰撞试验后，车门应处于解锁状态。如果车辆装备了自动激活式车门锁止系统，车门应在碰撞前锁止，且在试验后处于解锁状态。', '# 乘用车后碰撞安全要求\n\n# The requirements of safety in the event of rear-end collision for passenger car\n\n2024-12-31 发布\n\n2026-07-01 实施\n\n# 目次\n\n# 前言 Ⅲ\n\n1 范围 1  \n2 规范性引用文件 …… 1  \n3 术语和定义 …… 1   \n4 一般要求 2  \n5 技术要求 2  \n6 试验规定 …… 3  \n7 同一型式判定 4  \n8 标准的实施 4  \n参考文献……5\n\n# 前言\n\n本文件按照 GB/T 1.1—2020《标准化工作导则 第1部分:标准化文件的结构和起草规则》的规定起草。\n\n本文件代替 GB 20072—2006《乘用车后碰撞燃油系统安全要求》，与 GB 20072—2006 相比，除结构调整和编辑性改动外，主要技术变化如下：', '4.2.3 在试验过程中,车门不得开启。  \n4.2.4 在试验过程中,前门的锁止系统不得发生锁止。  \n4.2.5 碰撞试验后，除支持假人质量的必要的工具之外，不使用其他工具，应能：\n\n——对应于每排座位,若有门,至少有一个门能打开。如果没有门,移动座椅或改变座椅靠背位置使得所有乘员能够撤离(本要求仅适用于硬顶结构的车辆)。  \n——将假人从约束系统中解脱时,如果发生了锁止,通过在松脱装置上施加不超过60 N的压力,该约束系统应能被打开。  \n——不调整座椅，从车辆中完好地取出假人。\n\n4.2.6 在碰撞过程中,燃油供给系统不应发生泄漏。  \n4.2.7 碰撞试验后,若燃油供给系统存在液体连续泄漏,则在碰撞后前 5 min 平均泄漏速率不得大于 30 g/min;如果来自燃油供给系统的液体与来自其他系统的液体混合,且不同的液体不容易分离和辨认,则在评定连续泄漏时,收集到的所有液体都应计入。\n\n# 5 试验方法\n\n# 5.1 设施及车辆准备\n\n# 5.1.1 试验场地\n\n试验场地应足够大，以容纳跑道、壁障和试验必需的技术设施。在壁障前至少 5 m 的跑道应水平、平坦和光滑。\n\n# 5.1.2 壁障', '# N.4 车辆状况\n\nN.4.1 试验车辆应安装所有正常运行状态下的部件和装备,试验车辆质量应为车辆的整备质量。\n\nN.4.2 如果车辆为外部驱动,油箱应注入与正常使用的燃油的密度和黏性很接近的非易燃性液体,其质量为制造商规定的燃油箱满容量时的燃油质量的90%。所有其他系统(制动系、水箱等)都应排空。\n\nN.4.3 如果制造商提出要求,并且通过相应的技术维护,做过其他试验(包括能够影响其结构的试验)的同一辆车也可用于本文件规定的试验。\n\n# N.5 测量速度\n\n碰撞瞬间,车辆速度应为 $50_{-2}^{0}$ km/h。如果试验以更高的碰撞速度进行,并且结果满足 5.1.5 的要求,则应认为该试验有效。\n\n# N.6 测量仪器\n\n在 N.5 中提到的用于记录速度的仪器应精确到 1% 之内。\n\n# 附录 O\n\n# (规范性)\n\n# 后面碰撞试验程序\n\n# O.1 试验场地\n\n试验场地应足够大，以容纳碰撞装置驱动系统、碰撞后被撞车辆发生的位移以及试验设备的安装。车辆发生碰撞和移动的场地应水平、平整。任何一米长度对应的坡度应小于3%。\n\n# O.2 碰撞装置\n\nO.2.1 碰撞装置应为一刚性的钢制结构。', '5.3.2.3 试验结束后，应对被测样件进行外观、结构和功能检查，并记录检查结果。\n\n# 参考文献\n\n[1] GB 19239—2022 燃气汽车燃气系统安装规范   \n[2] GB/T 26990—2023 燃料电池电动汽车 车载氢系统技术条件  \n[3] GB/T 31498 电动汽车碰撞后安全要求  \n[4] GB/T 43332 电动汽车传导充放电安全要求']",不大于 30 g/min。,30 g/min,1.0,0.4461287160567673,0.8333333332916666,1.0,《乘用车后碰撞安全要求》标准中，碰撞试验后，如果燃油供给系统出现液体连续泄漏，在碰撞后前5分钟的平均泄漏速度应不大于多少？,不大于 30 g/min。,md_collection
《汽车对行人的碰撞保护》标准中，发动机罩后面基准线是如何定义的？,"['# 3.7\n\n# 发动机罩前缘基准线 bonnet leading edge reference line\n\n用长 1 000 mm 的直尺与发动机罩前表面的接触点所形成的几何轨迹。\n\n注1：几何轨迹由当直尺平行于车辆的纵向垂直平面，且从垂直方向向后倾斜 $50^{\\circ}$ 以及直尺底端距地面为 $600\\mathrm{mm}$ 时与发动机罩前缘接触点所构成（见图2）。对于发动机罩上表面倾斜 $50^{\\circ}$ 的车辆，直尺是连续接触或多点接触而不是一点接触，此时直尺从垂直方向向后倾斜 $40^{\\circ}$ 来确定基准线。\n\n注2：如果在该横向位置上直尺底端首先与车辆接触，则这些接触点作为基准线的构成部分。如果在该横向位置上直尺顶端首先与车辆接触，则 WAD 1000 几何轨迹作为基准线的构成部分。如果保险杠上缘与直尺接触，则保险杠上缘为发动机罩的前缘部分。\n\n![](images/98874893559b94f12c9c452b8d5ae41f0cd7f3c5a66f1171e061e40f97aec21a.jpg)', '<details>\n<summary>text_image</summary>\n\n直尺\n侧面基准线\n45°\n</details>\n\n图 3 侧面基准线示意图\n\n# 3.9\n\n# 发动机罩后面基准线 bonnet rear reference line\n\n在拆除刮水器的刮片和刮臂的状态下，用直径为 $165 \\, mm$ 的球与前风窗玻璃保持接触，在车辆前部结构上横向滚动时，球与车辆前部结构（前风窗玻璃除外）的最后接触点所形成的几何轨迹。\n\n注1：见图4。', '注3：如果模板点A和点B与侧面基准线相接触的同时，模板不能与发动机罩后面基准线相切或模板与发动机罩后面基准线的接触点位于点 C 和点 D 所围成的圆弧内，则使用另外的模板，该模板的半径以 20 mm 的增量逐渐增大，直到模板能与发动机罩后面基准线相切且模板与发动机罩后面基准线的接触点位于点 C 和点 D 所围成的圆弧外。\n\n![](images/5c78de2c02ad615986ecdc3adc39ec7b2e0b5905beedaf9c2e82e7c2d19c61c1.jpg)\n\n<details>\n<summary>text_image</summary>\n\n球\n发动机罩后面基准线\n</details>\n\n图 4 发动机罩后面基准线示意图\n\n![](images/089218bb7a1b79ef4b5f6656664716952e05a18faa2f4f87499150f5b16bce1d.jpg)\n\n<details>\n<summary>text_image</summary>\n\n1\n45°\n3\nR100 mm\n4\n2\n45°\n</details>\n\n标引序号说明：', 'a）车辆应处于正常行驶姿态，并且牢固地安放在支撑架上或在驻车制动器制动状态下停在水平平面上。\n\nb）车身应包括车辆前部结构的所有部分，发动机罩下面的所有部件和前风窗玻璃后面的可能在正面碰撞中与行人等弱势道路参与者有关的所有部件，以体现车辆上所有参与其中部件的性能和相互作用。车身应在车辆正常行驶姿态下牢固地固定。\n\nc）车身上的孔、表面、标记和识别标志可作为在车辆正常行驶姿态下车辆制造厂所规定的车辆基准标记，基准标记的高度为相对于地面基准平面的垂直高度。当基准标记的高度处于车辆正常行驶姿态下设计高度的±25 mm范围内，将车辆调整到设计高度位置进行试验。\n\n5.2.3 在与车辆发生碰撞时，所有设计用于保护行人等弱势道路参与者的装置，如制造厂提供了证明该装置有效性的材料，可处于启动状态进行试验。  \n5.2.4 除了用于保护行人等弱势道路参与者的装置外，对于可改变形状或者位置的车辆部件，以及有不止一种固定形状或位置的部件，则车辆在每种形状或位置均应进行试验。\n\n# 5.3 试验冲击器的规定\n\n# 5.3.1 下腿型冲击器\n\n# 5.3.1.1 结构尺寸', '图 6 发动机罩后面基准线和侧面基准线的相交示意图\n\n# 3.10\n\n# 角点 corner reference point\n\n发动机罩前缘基准线与侧面基准线的最外侧交点。\n\n示例：见图7。\n\n![](images/24e08b8bd5b43359660edf958c14396803864737d37a54c28cdab144bf48e3d8.jpg)\n\n<details>\n<summary>text_image</summary>\n\n角点\n45°\n+z\n40°\n-x\n-y\n+y\n+x\n-z\n</details>\n\n图 7 角点示意图\n\n# 3.11\n\n# 发动机罩上部区域 bonnet top area\n\n由发动机罩前缘基准线、发动机罩后面基准线和侧面基准线所围成的区域。\n\n# 3.12\n\n# 发动机罩上部区域三等分 third of the bonnet top\n\n在车辆横向平面内，用软尺沿发动机罩上部区域外轮廓将侧面基准线之间的区域三等分。\n\n# 3.13\n\n# 成人头型发动机罩上部试验区域 adult headform bonnet top test area']",发动机罩后面基准线定义为：在拆除刮水器的刮片和刮臂的状态下，用直径为165 mm的球与前风窗玻璃保持接触，在车辆前部结构上横向滚动时，球与车辆前部结构（前风窗玻璃除外）的最后接触点所形成的几何轨迹。,在拆除刮水器的刮片和刮臂的状态下，用直径为165 mm的球与前风窗玻璃保持接触，在车辆前部结构上横向滚动时，球与车辆前部结构（前风窗玻璃除外）的最后接触点所形成的几何轨迹。,0.8571428571428571,0.8622383059904388,0.49999999995,1.0,《汽车对行人的碰撞保护》标准中，发动机罩后面基准线是如何定义的？,发动机罩后面基准线定义为：在拆除刮水器的刮片和刮臂的状态下，用直径为165 mm的球与前风窗玻璃保持接触，在车辆前部结构上横向滚动时，球与车辆前部结构（前风窗玻璃除外）的最后接触点所形成的几何轨迹。,md_collection
儿童头型冲击器的第一固有频率应满足什么要求？,"['# 5.3.3.2.3 第一固有频率\n\n头型冲击器的第一固有频率应大于 5 000 Hz。\n\n单位为毫米\n\n![](images/da6af1f91a87315fd0753e0079a8b18ed52ded1f44dc2f2f19a0b9a2c3f918e2.jpg)\n\n<details>\n<summary>text_image</summary>\n\n1\n2\n3\n4\nA\n14\n165\n</details>\n\n标引序号说明：\n\n1——底板；\n\n2——皮肤；\n\n3——球体；\n\n4——加速度传感器。\n\n图 18 成人头型冲击器示意图\n\n# 5.3.3.3 头型冲击器的后表面\n\n在头型冲击器后部的外表面提供一个平坦平面，垂直于运动方向和其中一个加速度传感器的测量轴，在该平面上能提供便于安装加速度传感器和推进系统的连接点。\n\n# 5.3.3.4 头型冲击器的标定\n\n头型冲击器应按 7.3 的规定进行标定。已标定的头型冲击器在重新标定前最多可进行 20 次冲击试验。从上一次标定算起，如果时间超过 12 个月，或在某一次冲击时头型冲击器传感器的输出，超过规定的 CAC 时，头型冲击器均应重新进行标定。', '面测量，实验室也可用多次试验证明试验满足准确度要求。\n\n6.3.6 儿童头型冲击器在冲击时的速度应为 $9.7 \\, m/s \\pm 0.2 \\, m/s$ 。  \n6.3.7 试验时冲击方向应在车辆纵向垂直平面内，相对于水平面的试验冲击角度为 $50^{\\circ} \\pm 2^{\\circ}$ ，相对于车辆前部结构应向下和向后。  \n6.3.8 前风窗玻璃儿童头型试验过程中，当儿童头型冲击器没有与前风窗玻璃下方的车辆内部结构或其他结构直接或间接发生接触且HIC大于相应区域限值，并出现非典型前风窗玻璃破裂现象时，制造厂可重复进行该试验。试验最多可重复3次，且该情况应记录在试验报告中。\n\n# 6.4 成人头型的试验程序', '其余加速度传感器的测量轴应互相垂直，并且平行于安装面 A，其安装块定位于半径为 10 mm 的球形区域内。传感器安装块的中心应与头型冲击器的球体中心重合。\n\n传感器响应值的 CFC 应符合 ISO 6487 的规定，CFC 应为 1 000。传感器响应值的 CAC 应符合 ISO 6487 的规定，CAC 应为 500g。\n\n# 5.3.3.1.3 第一固有频率\n\n头型冲击器的第一固有频率应大于 5 000 Hz。\n\n# 5.3.3.2 成人头型冲击器\n\n# 5.3.3.2.1 结构尺寸\n\n成人头型冲击器应为铝制，均质结构，球形，直径为 $165 \\, mm \\pm 1 \\, mm$ ，质量为 $4.5 \\, kg \\pm 0.1 \\, kg$ ，如图 18 所示。相对于过质心且垂直于冲击方向的轴的转动惯量应为 $0.010 \\, kg \\cdot m^{2} \\sim 0.013 \\, kg \\cdot m^{2}$ 。包括传感器的头型冲击器的质心应位于球的几何中心，偏差为 $\\pm 5 \\, mm$ 。球体用 $14.0 \\, mm \\pm 0.5 \\, mm$ 厚的合成皮肤覆', '# 5.3.3 儿童和成人头型冲击器\n\n# 5.3.3.1 儿童头型冲击器\n\n# 5.3.3.1.1 结构尺寸\n\n如图 17 所示，儿童头型冲击器应为铝制，均质结构，球形，直径为 $165 \\, mm \\pm 1 \\, mm$ ，质量为 $3.50 \\, kg \\pm 0.07 \\, kg$ 。相对于过质心且垂直于冲击方向的轴的转动惯量应为 $0.008 \\, kg \\cdot m^{2} \\sim 0.012 \\, kg \\cdot m^{2}$ 。包括传感器的头型冲击器的质心应位于球的几何中心，允许偏差为 $\\pm 2 \\, mm$ 。球体用 $14.0 \\, mm \\pm 0.5 \\, mm$ 厚的合成皮肤覆盖，覆盖面积至少为球体的一半。\n\n单位为毫米\n\n![](images/d07a4f1f4d6ed5c0fb01573464a79b4fad647de109f24ca49278befa428d4a94.jpg)\n\n<details>\n<summary>text_image</summary>\n\n1\n2\n3\n4\nA\n14\n165\n</details>\n\n标引序号说明：\n\n1——底板；\n\n2——皮肤；', 'a —— 测量出的合成加速度，用重力加速度（g）来表示，其中 $1g=9.81\\ m/s^{2}$ ;\n\n$t_{1}$ ， $t_{2}$ —— 在冲击过程中的两个时刻，单位为秒（s）；\n\n$t_{2}-t_{1}$ ——记录开始与记录结束两个时刻之间的某一段时间间隔，单位为秒（s），在该时间间隔内HIC取最大值（ $t_{2}-t_{1}\\leqslant15ms$ ）。\n\n# 4.2.2 儿童头型冲击要求\n\n按照 6.2 和 6.3 的规定进行试验时，对于进行儿童头型试验的发动机罩上部试验区域和/或前风窗玻璃试验区域，每个区域至少一半的试验区域 HIC 应不大于 1000，剩余区域的 HIC 应不大于 1700。\n\n# 4.3 车身高度可变化车辆试验要求']",根据文档，儿童头型冲击器的第一固有频率应大于 5 000 Hz。,头型冲击器的第一固有频率应大于 5 000 Hz。,1.0,0.9423991344240369,0.8333333332916666,1.0,儿童头型冲击器的第一固有频率应满足什么要求？,根据文档，儿童头型冲击器的第一固有频率应大于 5 000 Hz。,md_collection
本标准（GB 27887—2024）的发布日期和实施日期分别是什么？,"['——删除了动态碰撞试验装置的描述(见 2011 年版的附录 U);  \n——更改了调节装置耐久试验操作方法(见附录 U,2011 年版的附录 S)。  \n请注意本文件的某些内容可能涉及专利。本文件的发布机构不承担识别专利的责任。  \n本文件由中华人民共和国工业和信息化部提出并归口。  \n本文件及其所代替文件的历次版本发布情况为：  \n——2011年首次发布为 GB 27887—2011,2019年发布第1号修改单；  \n——本次为第一次修订。', '下列文件中的内容通过文中的规范性引用而构成本文件必不可少的条款。其中，注日期的引用文件，仅该日期对应的版本适用于本文件；不注日期的引用文件，其最新版本（包括所有的修改单）适用于本文件。\n\nGB/T 231.1 金属材料 布氏硬度试验 第1部分:试验方法\n\nGB/T 3505 产品几何技术规范(GPS) 表面结构 轮廓法 术语、定义及表面结构参数\n\nGB/T 4780 汽车车身术语\n\nGB 6675.3 玩具安全 第 3 部分: 易燃性能\n\nGB 6675.4 玩具安全 第 4 部分: 特定元素的迁移\n\nGB 8410 汽车内饰材料的燃烧特性\n\nGB/T 8427 纺织品 色牢度试验 耐人造光色牢度:氙弧\n\nGB 14166 机动车乘员用安全带和约束系统\n\nGB 14167 机动车乘员用安全带和约束系统安装固定点\n\nISO 2575:2010 道路车辆 控制器、指示器和信号装置符号(Road vehicles—Symbols for controls, indicators and tell-tales)', '# 车载事故紧急呼叫系统\n\n# On-board accident emergency call system\n\n2025-04-25 发布\n\n2027-07-01 实施\n\n# 目次\n\n# 前言 Ⅲ\n\n1 范围 1  \n2 规范性引用文件 …… 1  \n3 术语和定义 …… 1   \n4 技术要求 2  \n5 说明书 4  \n6 同一型式判定 4  \n7 标准的实施 …… 5\n\n附录 A（规范性） 最小数据集(MSD) 6\n\n附录 B（规范性） 自动触发试验方法 8\n\n附录 C（规范性） 功能试验要求 …… 14\n\n附录 D（规范性） 自检试验方法 …… 15\n\n附录 E（规范性） 耐冲击性试验方法 …… 16\n\n附录 F（规范性） 试验条件与失效判定准则 …… 18\n\n# 前言\n\n本文件按照 GB/T 1.1—2020《标准化工作导则 第 1 部分:标准化文件的结构和起草规则》的规定起草。\n\n请注意本文件的某些内容可能涉及专利。本文件的发布机构不承担识别专利的责任。\n\n本文件由中华人民共和国工业和信息化部提出并归口。\n\n# 车载事故紧急呼叫系统\n\n# 1 范围', '# 国家标准第2号修改单\n\n本修改单经国家市场监督管理总局(国家标准化管理委员会)于2021年2月20日批准发布,自2021年2月20日起实施。\n\n# 一、“2 规范性引用文件”中增加以下规范性引用文件：\n\nGB/T 38892 车载视频行驶记录系统\n\nGB 39732 汽车事件数据记录系统\n\n# 二、将 8.6.6 条修改为：\n\n8.6.6 乘用车应配备符合 GB 39732 规定的事件数据记录系统 (EDR); 若配备了符合 GB/T 38892 规定的车载视频行驶记录系统, 应视为满足要求。\n\n# 三、将 15.4 条修改为：\n\n15.4 8.6.6 规定的要求自 2022 年 1 月 1 日开始对新生产的车实施。', '# 电动汽车换电安全要求 第 2 部分: 商用车辆\n\n# Safety requirements of battery swap for electric vehicles— Part 2: Commercial vehicle\n\n2025-04-25 发布\n\n2025-11-01 实施\n\n# 目次\n\n前言 Ⅲ\n\n引言 IV\n\n1 范围 1  \n2 规范性引用文件 …… 1  \n3 术语和定义 …… 1   \n4 安全要求 3\n\n4.1 整车要求 3  \n4.2 系统要求 4\n\n5 试验方法 …… 5\n\n5.1 试验条件 5  \n5.2 整车试验 5   \n5.3 系统试验 6\n\n参考文献……9\n\n# 前言\n\n本文件按照 GB/T 1.1—2020《标准化工作导则 第1部分:标准化文件的结构和起草规则》的规定起草。\n\n本文件是 GB/T 40032《电动汽车换电安全要求》的第 2 部分。GB/T 40032 已经发布了以下部分：\n\n——电动汽车换电安全要求(GB/T 40032—2021);\n\n——第 2 部分: 商用车辆。\n\n请注意本文件的某些内容可能涉及专利。本文件的发布机构不承担识别专利的责任。']",根据提供的文档，GB 27887—2024（车载事故紧急呼叫系统）的发布实施信息为：发布日期是2025年4月25日，实施日期是2027年7月1日。,本标准于2024-09-29发布，2025-07-01实施。,0.0,0.8135210779839978,0.0,0.0,本标准（GB 27887—2024）的发布日期和实施日期分别是什么？,根据提供的文档，GB 27887—2024（车载事故紧急呼叫系统）的发布实施信息为：发布日期是2025年4月25日，实施日期是2027年7月1日。,md_collection
非整体式儿童约束系统中，增高垫不适用于身高小于多少厘米的儿童？,"['调整儿童约束系统,应使其外部尺寸符合4.3.2.3的要求,并根据4.3.2.2的规定,通过测量内部尺寸验证适用身高范围。\n\n# 4.3.2.2 内部尺寸\n\n儿童约束系统的内部尺寸应符合附录 E 的要求。在制造商声明的身高范围内的所有状态下的肩宽、臀宽、坐高应满足最小尺寸要求。对于增高垫，只需满足制造商声明的最高身高对应的臀宽的最小尺寸要求，无需满足其他内部尺寸要求。此外：\n\n——对于整体式儿童约束系统，在制造商声明的身高范围内的肩高还应满足最大、最小尺寸要求。  \n——对于带碰撞防护装置的整体式儿童约束系统,在制造商声明的身高范围内,还应能够调整至符合以下要求的状态:\n\n● 在满足最小肩高的同时,满足最小大腿厚度、最小腹部厚度;  \n● 在满足最大肩高、肩宽、臀宽以及坐高的同时，满足最大大腿厚度、最大腹部厚度。\n\n——对于增高椅,在制造商声明的身高范围内的所有状态下,还应满足最大肩高要求。\n\n# 4.3.2.3 外部尺寸\n\n# 4.3.2.3.1 整体式儿童约束系统', '特定车型用增高垫 specific vehicle booster cushion\n\n用于特定车型上、无靠背的非整体式儿童约束系统类型。\n\n注：该类型包括内置式儿童约束系统。\n\n# 3.8\n\n尺寸范围 size range\n\n儿童约束系统设计和认证时所覆盖的儿童身高范围。\n\n# 3.9\n\n安装方向 orientation\n\n儿童约束系统使用时相对车辆行驶的方向。\n\n# 3.9.1\n\n前向 forward-facing\n\n与车辆正常行驶方向相同的安装方向。\n\n# 3.9.2\n\n后向 rearward-facing\n\n与车辆正常行驶方向相反的安装方向。\n\n# 3.9.3\n\n侧向 lateral-facing\n\n与车辆正常行驶方向垂直的安装方向。\n\n# 3.10\n\n特殊需要约束系统 special needs restraint\n\n为满足具有身体或智力障碍儿童的特殊需要而专门设计的约束系统。\n\n# 3.11\n\nISOFIX 固定点系统 ISOFIX anchorages system', '4.1.3.2 i-Size 增高椅和通用增高垫应通过车辆安全带或配合可收回的 ISOFIX 连接装置进行固定。特定车型用增高椅和特定车型用增高垫应通过车辆安全带或配合儿童约束系统制造商设计的连接件安装在汽车制造商指定的固定点上。只有 ISOFIX 连接装置才能与车辆 ISOFIX 固定点连接。\n\n4.1.3.3 非整体式儿童约束系统满足以下要求：\n\na）适用儿童身高范围的下限不应小于100 cm；  \nb）适用儿童身高范围的上限应大于 $105 \\, cm$ ;  \nc）适用儿童身高不超过 135 cm 的增高椅应符合 5.1.5.5 规定的侧面碰撞保护要求；  \nd) 儿童约束系统适用儿童的身高范围不应间断,例如:增高椅适用的身高范围不应是“100 cm\\~130 cm 和 140 cm\\~150 cm”。\n\n4.1.3.4 对于增高椅和增高垫，儿童约束系统与安全带之间应有一个主要受力点。将儿童约束系统按照 6.1.3.6.2.2 放置在标准座椅上，不搭乘儿童假人，该点到 Cr 轴的距离应不小于 150 mm。儿童约束系统在调节范围内以及所有织带通过区域上，都应满足要求。', 'b）侧视图  \n图 D.2 使用下躯干体的增高垫牵拉试验\n\n# 附录 E\n\n# (规范性)\n\n# 内部尺寸\n\n# E.1 内部尺寸要求\n\n儿童约束系统的内部几何尺寸要求见图 E.1 及表 E.1。\n\n![](images/0f89c48a9bf716abf4a51537c8f6d88c9cc37baba74bccd73ec5cc27bf3a3a61.jpg)\n\n<details>\n<summary>text_image</summary>\n\nA\nB\nC\nE\nF\nG\n</details>\n\n标引符号说明：\n\nA——身高；\n\nB——坐高；\n\nC——肩宽；\n\nD——臀宽；\n\nE——肩高；\n\nF——腹部厚度；\n\nG——大腿厚度。\n\n图 E.1 几何尺寸示意图  \n表 E.1 几何尺寸参数', '若儿童约束系统倾角可调,应至少在一个倾斜位置位于检具范围内;若其他倾斜位置位于检具范围外,则在说明手册中应注明儿童约束系统的这些倾斜位置可能不适用于所有车型。\n\n对于适用儿童最大身高超过 135 cm 的增高椅, 若处于增高椅检具范围内的最大适用身高小于 135 cm, 该增高椅在此最大适用身高范围内归类为 i-Size 增高椅, 超出此最大适用身高范围的部分归类为特定车型用增高椅; 若处于增高椅检具范围内的最大适用身高不小于 135 cm, 该增高椅在全部身高范围内均归类为 i-Size 增高椅, 但如果调整到所适用的最大身高状态时, 外部尺寸超出了检具范围, 则应在说明手册中注明儿童约束系统可能不适用于所有车型。\n\n# 4.3.2.3.3 增高垫\n\n儿童约束系统的长、宽、高的最大外部尺寸以及与其相连接的 ISOFIX 固定点系统(如有)的位置应通过 i-Size 增高椅检具来确定,并满足以下要求。\n\na）通用增高垫应位于 ISO/B2 检具范围内。  \nb）特定车型用增高垫应位于以下两种情况之一：\n\n1）清单内所列适配车型；  \n2）ISO/B2 或 ISO/B3 检具范围内。']",根据文档，非整体式儿童约束系统的适用儿童身高范围下限不应小于100 cm，因此增高垫不适用于身高小于100厘米的儿童。,增高垫不应适用于身高小于 125 cm 的儿童。,1.0,0.7802791045854708,0.0,0.0,非整体式儿童约束系统中，增高垫不适用于身高小于多少厘米的儿童？,根据文档，非整体式儿童约束系统的适用儿童身高范围下限不应小于100 cm，因此增高垫不适用于身高小于100厘米的儿童。,md_collection
电动汽车用动力蓄电池安全要求标准中，电池单体进行快充循环后安全试验后，应满足什么要求？,"['# 电动汽车用动力蓄电池安全要求\n\n# Electric vehicles traction battery safety requirements\n\n2025-03-28 发布\n\n2026-07-01 实施\n\n# 目次\n\n# 前言 …… Ⅲ\n\n# 引言 V\n\n1 范围 1  \n2 规范性引用文件 …… 1  \n3 术语和定义 …… 1   \n4 符号和缩略语 3\n\n4.1 符号 3  \n4.2 缩略语 3\n\n5 安全要求 3\n\n5.1 电池单体安全要求 3  \n5.2 电池包或系统安全要求 4\n\n6 试验条件 5\n\n6.1 一般条件 5  \n6.2 测量仪器、仪表准确度 …… 5  \n6.3 测试过程误差 5   \n6.4 数据记录与记录间隔 6\n\n7 试验准备 6\n\n7.1 电池单体试验准备 6  \n7.2 电池包或系统试验准备 6\n\n8 试验方法 7\n\n8.1 电池单体安全性试验方法 7  \n8.2 电池包或系统安全性试验方法 9\n\n9 同一型式判定…… 20\n\n10 标准的实施 21\n\n附录 A（资料性） 电池包和系统的典型结构示例 …… 22', '8.1 电池单体安全性试验方法 7  \n8.2 电池包或系统安全性试验方法 9\n\n9 同一型式判定…… 20\n\n10 标准的实施 21\n\n附录 A（资料性） 电池包和系统的典型结构示例 …… 22\n\n附录 B（规范性） 电池包或系统绝缘电阻测试方法 …… 24\n\n附录 C（规范性） 热扩散分析与验证报告 …… 26\n\n参考文献 31\n\n# 前言\n\n本文件按照 GB/T 1.1—2020《标准化工作导则 第1部分:标准化文件的结构和起草规则》的规定起草。\n\n本文件代替 GB 38031—2020《电动汽车用动力蓄电池安全要求》，与 GB 38031—2020 相比，除结构调整和编辑性改动外，主要技术变化如下：', '随着技术和工艺的进一步发展将会修订本文件。\n\n# 电动汽车用动力蓄电池安全要求\n\n# 1 范围\n\n本文件规定了电动汽车用动力蓄电池(以下简称“电池”)单体、电池包或系统的安全要求,描述了相应的试验方法。\n\n本文件适用于电动汽车用动力蓄电池。\n\n# 2 规范性引用文件\n\n下列文件中的内容通过文中的规范性引用而构成本文件必不可少的条款。其中，注日期的引用文件，仅该日期对应的版本适用于本文件；不注日期的引用文件，其最新版本（包括所有的修改单）适用于本文件。\n\nGB/T 2423.4 电工电子产品环境试验 第2部分:试验方法 试验Db:交变湿热(12 h+12 h循环)\n\nGB/T 2423.17—2024 环境试验 第2部分:试验方法 试验Ka:盐雾\n\nGB/T 2423.43 电工电子产品环境试验 第2部分:试验方法 振动、冲击和类似动力学试验样品的安装\n\nGB/T 2423.56 环境试验 第2部分:试验方法 试验 Fh:宽带随机振动和导则\n\nGB/T 4208—2017 外壳防护等级(IP 代码)\n\nGB/T 19596 电动汽车术语', '5.3.2.3 试验结束后，应对被测样件进行外观、结构和功能检查，并记录检查结果。\n\n# 参考文献\n\n[1] GB 19239—2022 燃气汽车燃气系统安装规范   \n[2] GB/T 26990—2023 燃料电池电动汽车 车载氢系统技术条件  \n[3] GB/T 31498 电动汽车碰撞后安全要求  \n[4] GB/T 43332 电动汽车传导充放电安全要求', '图 1 温度循环试验示意图\n\n# 8.1.7 挤压\n\n8.1.7.1 试验对象为电池单体。  \n8.1.7.2 试验对象按 7.1.1 方法充电。  \n8.1.7.3 按下列规定进行试验：\n\na）挤压方向：垂直于电池单体极板方向施压，或与电池单体在整车布局上最容易受到挤压的方向相同；  \nb) 挤压板形式: 半径 75 mm 的半圆柱体, 半圆柱体的长度 (L) 大于被挤压电池单体的尺寸 (如图 6 所示);  \nc) 挤压速度: 不大于 2 mm/s;  \nd) 挤压程度:电压达到 0 V 或变形量达到 15% 或挤压力达到 100 kN 或 1 000 倍试验对象质量后停止挤压;  \ne) 保持当前位置 10 min。\n\n8.1.7.4 完成以上试验后，在试验环境温度下观察 1 h。\n\n# 8.1.8 快充循环后安全\n\n8.1.8.1 试验对象为从 20% SOC 充电至 80% SOC, 总充电时间不超过 15 min 的电池单体(不含仅通过车辆能源进行充电的电池单体)。  \n8.1.8.2 按下列步骤进行试验：']",根据提供的文档内容，文中仅给出了“快充循环后安全”试验的适用范围和试验步骤的起始部分（8.1.8.1 和 8.1.8.2），但未包含该试验结束后应满足的具体安全要求。因此，从现有文档中无法得知电池单体快充循环后安全试验的判定条件。,电池单体按照8.1.8进行快充循环后安全试验，应不起火、不爆炸。,1.0,0.0,0.0,0.0,电动汽车用动力蓄电池安全要求标准中，电池单体进行快充循环后安全试验后，应满足什么要求？,根据提供的文档内容，文中仅给出了“快充循环后安全”试验的适用范围和试验步骤的起始部分（8.1.8.1 和 8.1.8.2），但未包含该试验结束后应满足的具体安全要求。因此，从现有文档中无法得知电池单体快充循环后安全试验的判定条件。,md_collection
挤压试验中，当试验对象为带车身结构件进行挤压时，截止条件是什么？,"['度,但不超过1 m;\n\n2）挤压板如图7所示，尺寸为 $600\\ mm\\times600\\ mm$ （长×宽）或更小，三个半圆柱体半径为75 mm，半圆柱体间距为30 mm。\n\nb) 挤压方向: x 方向和 y 方向(汽车行驶方向为 x 轴方向, 另一垂直于行驶方向的水平方向为 y 轴方向), 为保护试验操作安全, 可分开在两个试验对象上执行测试。  \nc) 挤压位置: 制造商提供的薄弱点位置。  \nd) 挤压速度: 不大于 $2 \\, mm/s$ 。  \ne) 挤压程度: 挤压力达到 100 kN 或挤压变形量达到挤压方向的整体尺寸的 30% 时停止挤压; 对于带车身结构件进行挤压的情况, 应以挤压力达到 100 kN 作为截止条件。  \nf) 保持当前位置 10 min。\n\n# 8.2.4.3 完成以上试验后，在试验环境温度下观察 2 h。\n\n![](images/c71f82ffde10390887a03d2dfe69b54adf4f9160ee2237b1423169d87133155c.jpg)\n\n<details>\n<summary>text_image</summary>', '图 5 模拟碰撞脉冲容差范围示意图\n\n# 8.2.4 挤压\n\n8.2.4.1 试验对象为电池包或系统。对于安装在车身骨架内部的电池包或系统，允许带车身结构件进行试验。  \n8.2.4.2 按下列规定进行试验。\n\na) 挤压板形式(选择以下两种挤压板中的一种):\n\n1）挤压板如图6所示，半径为75 mm的半圆柱体，半圆柱体的长度(L)大于试验对象的高\n\n度,但不超过1 m;\n\n2）挤压板如图7所示，尺寸为 $600\\ mm\\times600\\ mm$ （长×宽）或更小，三个半圆柱体半径为75 mm，半圆柱体间距为30 mm。', '# 6.1.3.3 在滑车和车身上进行的试验\n\n# 6.1.3.3.1 前面碰撞\n\n6.1.3.3.1.1 试验时为保护试验车辆所采取的措施不应对车辆座椅的固定点、车辆安全带的固定点和儿童约束系统的任何附加固定点起加强作用或者防止结构的正常变形。车身上不应有额外的部分来限制假人的移动，以减少试验中施加在儿童约束系统上的载荷。车身上不影响假人移动的结构可被具有相同强度的部件所替代。\n\n6.1.3.3.1.2 试验时为保护试验车辆所采取的措施应保证车身宽度不受影响,从被封闭或固定的车辆结构前端到儿童约束系统的固定点之间的间距应不小于 500 mm。车身结构的后端到固定点之间均应有足够的间距,并满足 6.1.3.3.1.1 的要求。\n\n6.1.3.3.1.3 由试验机构选择最不利的位置将儿童约束系统安装在车辆座椅上。报告中应说明车辆座椅靠背及儿童约束系统的位置。如果车辆座椅的靠背倾斜角度可调，应按照车辆制造商的说明锁住，如无任何说明，则尽可能接近 $25^{\\circ}$ 的靠背角。', '图 12 HIC 1000 区域和 HIC 1700 区域的示意图（续）\n\n# 5 试验规定\n\n# 5.1 试验条件\n\n# 5.1.1 温度和湿度\n\n试验设备和车辆或其子系统应置于相对湿度 $(40\\pm30)\\%$ 和温度 $20^{\\circ}C\\pm4^{\\circ}C$ 的环境下。\n\n# 5.1.2 冲击试验场地\n\n冲击试验场地应由平坦、光滑、坚硬的平面构成，相对于水平面的倾斜角应不大于1%。\n\n# 5.2 车辆的准备\n\n5.2.1 在确定车辆基准线和试验区域时，车辆应处于正常行驶姿态。如果车辆安装了能弯曲或收缩的商标、车标或其他结构，应施加不大于100 N的载荷使其弯曲或收缩。车辆上任何可改变形状或位置的部件，除了车辆的悬架部件之外，应处于收回位置。用于保护行人等弱势道路参与者的装置，应处于未启动状态。  \n5.2.2 对于完整的车辆或车身，分别按下列条件调试后进行试验。\n\na）车辆应处于正常行驶姿态，并且牢固地安放在支撑架上或在驻车制动器制动状态下停在水平平面上。', 'a）车辆应处于正常行驶姿态，并且牢固地安放在支撑架上或在驻车制动器制动状态下停在水平平面上。\n\nb）车身应包括车辆前部结构的所有部分，发动机罩下面的所有部件和前风窗玻璃后面的可能在正面碰撞中与行人等弱势道路参与者有关的所有部件，以体现车辆上所有参与其中部件的性能和相互作用。车身应在车辆正常行驶姿态下牢固地固定。\n\nc）车身上的孔、表面、标记和识别标志可作为在车辆正常行驶姿态下车辆制造厂所规定的车辆基准标记，基准标记的高度为相对于地面基准平面的垂直高度。当基准标记的高度处于车辆正常行驶姿态下设计高度的±25 mm范围内，将车辆调整到设计高度位置进行试验。\n\n5.2.3 在与车辆发生碰撞时，所有设计用于保护行人等弱势道路参与者的装置，如制造厂提供了证明该装置有效性的材料，可处于启动状态进行试验。  \n5.2.4 除了用于保护行人等弱势道路参与者的装置外，对于可改变形状或者位置的车辆部件，以及有不止一种固定形状或位置的部件，则车辆在每种形状或位置均应进行试验。\n\n# 5.3 试验冲击器的规定\n\n# 5.3.1 下腿型冲击器\n\n# 5.3.1.1 结构尺寸']",根据文档，带车身结构件进行挤压时，截止条件是挤压力达到100 kN。,应以挤压力达到100 kN作为截止条件。,1.0,0.9049005521032182,0.9999999999,1.0,挤压试验中，当试验对象为带车身结构件进行挤压时，截止条件是什么？,根据文档，带车身结构件进行挤压时，截止条件是挤压力达到100 kN。,md_collection
车载事故紧急呼叫系统（AECS）标准中，对于MSD发送失败后的重试机制是如何规定的？,"['示例：主观试验时的对话如下：\n\n问:您好,这里是救援专席,请问有什么可以帮您?\n\n答:救命啊,我朋友受伤很严重,他现在不动了。\n\n问:您好,请保持冷静,只有您朋友一个人受伤对吗?\n\n答:1 个人,在副驾驶位置。\n\nC.4 AECS 的信息信号装置应能正确指示其处于运行状态或失败状态。\n\n注 1: 运行状态一般指 AECS 功能已触发、正在建立连接、正在进行数据传输、数据传输已完成、正在进行语音通话等。\n\n注 2：失败状态一般指语音通话连接建立失败或数据传输失败等。\n\n# 附录 D\n\n# (规范性)\n\n# 自检试验方法\n\n# D.1 失效类型\n\nAECS 失效类型见表 D.1。\n\n表 D.1 失效类型', '标引说明：\n\nL ——坡道长度；\n\n$\\alpha$ ——坡道角度；\n\n$L_{1}$ ——一段坡道长度；\n\n$L_{2}$ ——二段坡道长度；\n\n$\\alpha_{1}$ ——一段坡道角度；\n\n$\\alpha_{2}$ ——二段坡道角度。\n\n图 B.5 翻滚台架示意图\n\n# B.2.4.3 结果\n\n按 B.2.4.1 或 B.2.4.2 进行试验后，检查接收到的 MSD 中的触发类型。\n\n# 附录 C\n\n# (规范性)\n\n# 功能试验要求\n\nC.1 使用网络模拟器通过无线空口传输方式进行 AECS 功能试验。  \nC.2 AECS 发送的 MSD 应符合附录 A 的要求。  \nC.3 使用中文普通话对车辆的双向免提语音通话进行主观试验,并满足以下要求:\n\n——在语音通话连接建立期间,其他娱乐音频通路应静音,例如音乐、收音机等;  \n——紧急呼叫服务平台模拟测试设备端应能正常接收处理车辆端发送的语音通话信号，并且语音应清晰可懂；  \n——车辆端应能正常接收处理紧急呼叫服务平台模拟测试设备端发送的语音通话信号，并且语音应清晰可懂。\n\n示例：主观试验时的对话如下：', '4.1.3 AECS 在接收和/或产生触发信号后，与紧急呼叫服务平台尝试建立连接时，应满足：\n\n——在非易失性存储器中保存最小数据集(MSD)，通过可信的数字身份认证将 MSD 发送至紧急呼叫服务平台，并与紧急呼叫服务平台建立双向语音通话连接；  \n——若 MSD 发送失败,则以不超过 2 min 的时间间隔尝试再次发送 MSD,直至发送成功或尝试时间不低于 60 min;  \n——若语音通话连接建立失败,则以不超过 2 min 的时间间隔尝试再次建立语音通话连接,直至连接成功或尝试时间不低于 60 min。', '# 附录 F\n\n# (规范性)\n\n# 试验条件与失效判定准则\n\nAECS 的抗扰试验条件和失效判定准则应符合表 F.1 的要求。试验仅需对 4G 网络的一个频段中一个信道进行，且制造商与检测机构应对 AECS 警示信号机制进行预先评估，以确定试验中车辆检测到的失效为 AECS 失效而非网络失效。\n\n表 F.1 AECS 抗扰试验条件和失效判定准则', '所有部件的安装方向应与原车相同。若采用工装，试验部件的固定方式、安装强度应与原车相同。\n\n制造商可选择提供与 AECS 连接的测试箱,用来模拟真实车辆状态下 AECS 的外围信号和负载。测试箱应满足以下条件:\n\n——测试箱应具备总线信号模拟功能,将真实的车辆信号模拟发送给 AECS,但 AECS 的供电和触发信号不应由测试箱提供;  \n——测试箱应具备必要的与 AECS 连接的外围传感器、负载及硬线连接部件等附件，保证 AECS 能够正常工作；  \n——对于在车辆运行中工作的或在一定运算逻辑下触发工作的装置，应将其状态预设为开启。\n\n# E.2 试验波形\n\n将白车身或工装固定在碰撞试验滑台上，安装方向模拟正面碰撞。滑台按照图 E.1 的加速度通道范围和表 E.1 的参数进行加速或减速，速度变化量 $\\Delta v$ 应为 $(69 \\pm 1)$ km/h。根据制造商的要求，也可使用更高的加速度或速度变化量进行试验。如果试验中 AECS 被自动触发，则应在紧急呼叫服务平台模拟测试设备端挂断本次自动触发事件后，进行手动触发。']",根据标准，MSD发送失败后，应以不超过2分钟的时间间隔尝试再次发送。该重试过程将持续进行，直至发送成功或累计尝试时间不低于60分钟。此规定旨在确保紧急呼叫系统能可靠传输最小数据集。,若MSD发送失败，则以不超过2 min的时间间隔尝试再次发送MSD，直至发送成功或尝试时间不低于60 min。,1.0,0.7355768654415847,0.3333333333,1.0,车载事故紧急呼叫系统（AECS）标准中，对于MSD发送失败后的重试机制是如何规定的？,根据标准，MSD发送失败后，应以不超过2分钟的时间间隔尝试再次发送。该重试过程将持续进行，直至发送成功或累计尝试时间不低于60分钟。此规定旨在确保紧急呼叫系统能可靠传输最小数据集。,md_collection
在耐冲击性试验中，速度变化量 Δv 应为多少？,"['# 4.3 车身高度可变化车辆试验要求\n\n如果车辆装备在城市道路行驶过程中可改变车身高度的系统，且行驶速度在 $25 \\, km/h \\sim 40 \\, km/h$ 时其前轴高度变化大于 $25 \\, mm$ ，因车身高度变化而产生的相关试验区域测量点也应符合 4.1 和 4.2 的规定。冲击器冲击速度为第 6 章规定的速度或车辆高度对应的行驶速度（速度偏差为 $\\pm 0.2 \\, m/s$ ）。选择车辆高度对应的行驶速度时，其中头型冲击器速度与车辆行驶速度的比率为 0.9，且头型冲击器速度不大于 $9.7 \\, m/s \\pm 0.2 \\, m/s$ 。\n\n# 4.4 头型试验区域的划分', '| 时间t/s | 速度变化量ΔV (m/s) |\n| ------- | ------------------ |\n| 0       | 0                  |\n| 1       | 1                  |\n| 2       | 2                  |\n| 3       | 3                  |\n| 4       | 4                  |\n| 5       | 5                  |\n| 6       | 6                  |\n| 7       | 7                  |\n| 8       | 8                  |\n| 9       | 9                  |\n| 10      | 10                 |\n| 11      | 11                 |\n| 12      | 12                 |', '![](images/6c1e11143be0d6549c300d1bd25ae7b5fdeaf5ef5346b895322b13a5d025ebe6.jpg)\n\n<details>\n<summary>line</summary>\n\n| Point | 时间 (ms) | 加速度 (×g) |\n|-------|-----------|-------------|\n| A     | 10        | 0           |\n| B     | 35        | 65          |\n| C     | 38        | 65          |\n| D     | 45        | 0           |\n| E     | 0         | 15          |\n| F     | 25        | 78          |\n| G     | 48        | 78          |\n| H     | 60        | 0           |\n</details>\n\n图 E.1 耐冲击试验加速度通道', 'a —— 测量出的合成加速度，用重力加速度（g）来表示，其中 $1g=9.81\\ m/s^{2}$ ;\n\n$t_{1}$ ， $t_{2}$ —— 在冲击过程中的两个时刻，单位为秒（s）；\n\n$t_{2}-t_{1}$ ——记录开始与记录结束两个时刻之间的某一段时间间隔，单位为秒（s），在该时间间隔内HIC取最大值（ $t_{2}-t_{1}\\leqslant15ms$ ）。\n\n# 4.2.2 儿童头型冲击要求\n\n按照 6.2 和 6.3 的规定进行试验时，对于进行儿童头型试验的发动机罩上部试验区域和/或前风窗玻璃试验区域，每个区域至少一半的试验区域 HIC 应不大于 1000，剩余区域的 HIC 应不大于 1700。\n\n# 4.3 车身高度可变化车辆试验要求', '图 E.1 耐冲击试验加速度通道\n\n表 E.1 耐冲击试验及加速度参数\n\n<table><tr><td>点</td><td>时间 tms</td><td>加速度下限(×g)</td><td>点</td><td>时间 tms</td><td>加速度上限(×g)</td></tr><tr><td>A</td><td>10</td><td>0</td><td>E</td><td>0</td><td>16</td></tr><tr><td>B</td><td>34</td><td>65</td><td>F</td><td>25</td><td>77</td></tr><tr><td>C</td><td>38</td><td>65</td><td>G</td><td>47</td><td>77</td></tr><tr><td>D</td><td>46</td><td>0</td><td>H</td><td>60</td><td>0</td></tr></table>\n\n# 附录 F\n\n# (规范性)\n\n# 试验条件与失效判定准则']",根据文档中的表格，耐冲击性试验中速度变化量 ΔV 对应时间 t 从 0 到 12 s，其数值为 0 到 12 m/s，即 ΔV = t (m/s)。因此速度变化量应为 0～12 m/s。,速度变化量 Δv 应为 (69±1) km/h。,0.8,0.9022677907633287,0.0,0.0,在耐冲击性试验中，速度变化量 Δv 应为多少？,根据文档中的表格，耐冲击性试验中速度变化量 ΔV 对应时间 t 从 0 到 12 s，其数值为 0 到 12 m/s，即 ΔV = t (m/s)。因此速度变化量应为 0～12 m/s。,md_collection
《智能网联汽车 组合驾驶辅助系统安全要求》标准中，领航组合驾驶辅助系统的定义是什么？,"['# 前言\n\n本文件按照 GB/T 1.1—2020《标准化工作导则 第 1 部分:标准化文件的结构和起草规则》的规定起草。\n\n请注意本文件的某些内容可能涉及专利。本文件的发布机构不承担识别专利的责任。\n\n本文件由中华人民共和国工业和信息化部提出并归口。\n\n# 智能网联汽车\n\n# 组合驾驶辅助系统安全要求\n\n# 1 范围\n\n本文件规定了智能网联汽车领航组合驾驶辅助系统、基础单车道组合驾驶辅助系统、基础多车道组合驾驶辅助系统的安全要求与同一型式判定，描述了相应的检验与试验方法。\n\n本文件适用于安装有领航组合驾驶辅助系统、基础单车道组合驾驶辅助系统、基础多车道组合驾驶辅助系统的 M 类、N 类汽车。\n\n# 2 规范性引用文件\n\n下列文件中的内容通过文中的规范性引用而构成本文件必不可少的条款。其中，注日期的引用文件，仅该日期对应的版本适用于本文件；不注日期的引用文件，其最新版本（包括所有的修改单）适用于本文件。\n\nGB 5768.3 道路交通标志和标线 第3部分:道路交通标线\n\nGB 5768.4—2017 道路交通标志和标线 第4部分:作业区\n\nGB/T 10000—2023 中国成年人人体尺寸', '2026-06-27 发布\n\n2027-01-01 实施\n\n# 目次\n\n# 前言 …… Ⅲ\n\n1 范围 1  \n2 规范性引用文件 …… 1  \n3 术语和定义 …… 2   \n4 领航组合驾驶辅助系统安全要求 8  \n5 基础单车道组合驾驶辅助系统安全要求…… 19  \n6 基础多车道组合驾驶辅助系统安全要求…… 20  \n7 用户告知…… 21  \n8 系统禁用…… 22  \n9 场地试验方法…… 22  \n10 道路试验方法 50  \n11 同一型式判定 55  \n12 标准的实施 58  \n附录 A（规范性） 条款与场地试验、道路试验、文件检验对应表 …… 59  \n附录 B（规范性） 仿真试验可信度评估要求 …… 64  \n附录 C（规范性） 功能安全和预期功能安全要求 …… 69  \n附录 D（规范性） 功能安全和预期功能安全描述要求 94  \n附录 E（规范性） 组合驾驶辅助安全保障要求 97  \n附录 F（规范性） 数据记录要求 98  \n参考文献…… 131\n\n# 前言\n\n本文件按照 GB/T 1.1—2020《标准化工作导则 第 1 部分:标准化文件的结构和起草规则》的规定起草。', '# 智能网联汽车\n\n# 组合驾驶辅助系统安全要求\n\nIntelligent and connected vehicle—\n\nSafety requirements of combined driver assistance system\n\n2026-06-27 发布\n\n2027-01-01 实施\n\n# 目次\n\n# 前言 …… Ⅲ', '# 11.3 领航组合驾驶辅助系统的直接视同条件\n\n在进行除 4.9～4.11、附录 C、附录 D 以及附录 F 以外的相关试验时，如符合下述全部规定，则视为同一型式：\n\na) 11.1 的 a)～v);  \nb) 系统的功能(例如,车道巡航控制功能、非车道巡航控制功能、驾驶员触发的换道控制功能、驾驶员确认的换道控制功能、系统触发的换道控制功能、跨车道边线障碍物绕行功能、环岛通行、交叉口通行等功能)相同或减少。\n\n# 11.4 领航组合驾驶辅助系统的测试验证后视同条件\n\n如领航组合驾驶辅助系统涉及 11.3 条件变更, 在符合下述规定时, 仅需对变更参数相关的技术要求进行补充测试, 经审批许可后获得扩展:', '# 3.1.2\n\n# 基础多车道组合驾驶辅助系统 basic multi-lane combined driver assistance system\n\n仅在 A 类道路环境(3.34)下,仅由驾驶员触发换道过程后,根据车辆周边行驶环境,对车辆持续进行横向和纵向运动控制,辅助驾驶员在相同行驶方向的车道间执行换道过程的组合驾驶辅助系统。\n\n# 3.1.3\n\n# 领航组合驾驶辅助系统 advanced combined driver assistance system\n\n除基础单车道组合驾驶辅助系统(3.1.1)、基础多车道组合驾驶辅助系统(3.1.2)、泊车组合驾驶辅助系统外，在A类道路环境(3.34)和/或B类道路环境(3.35)下，根据车辆周边行驶环境，对车辆持续进行横向和纵向运动控制，辅助驾驶员执行部分动态驾驶任务的组合驾驶辅助系统。\n\n# 3.2\n\n# 组合驾驶辅助功能 combined driver assistance function\n\n组合驾驶辅助系统在特定的设计运行条件下辅助驾驶员执行部分动态驾驶任务的功能。\n\n注：在不引起混淆的情况下，本文件中的“组合驾驶辅助功能”简称“功能”。']",根据《智能网联汽车 组合驾驶辅助系统安全要求》，领航组合驾驶辅助系统是除基础单车道组合驾驶辅助系统、基础多车道组合驾驶辅助系统、泊车组合驾驶辅助系统外，在A类道路环境和/或B类道路环境下，根据车辆周边行驶环境，对车辆持续进行横向和纵向运动控制，辅助驾驶员执行部分动态驾驶任务的组合驾驶辅助系统。,领航组合驾驶辅助系统是除基础单车道组合驾驶辅助系统、基础多车道组合驾驶辅助系统、泊车组合驾驶辅助系统外，在A类道路环境和/或B类道路环境下，根据车辆周边行驶环境，对车辆持续进行横向和纵向运动控制，辅助驾驶员执行部分动态驾驶任务的组合驾驶辅助系统。,1.0,0.9325715959546915,0.19999999998,1.0,《智能网联汽车 组合驾驶辅助系统安全要求》标准中，领航组合驾驶辅助系统的定义是什么？,根据《智能网联汽车 组合驾驶辅助系统安全要求》，领航组合驾驶辅助系统是除基础单车道组合驾驶辅助系统、基础多车道组合驾驶辅助系统、泊车组合驾驶辅助系统外，在A类道路环境和/或B类道路环境下，根据车辆周边行驶环境，对车辆持续进行横向和纵向运动控制，辅助驾驶员执行部分动态驾驶任务的组合驾驶辅助系统。,md_collection
根据标准文档，风险减缓功能（RMF）在控制介入过程中，除为避免碰撞风险外，车辆减速度应不大于多少？,"['4.6.2.3.3.3 当系统执行跨车道边线障碍物绕行使车辆部分或全部驶入对向车道时，系统应保障车辆有能够安全驶回原车道的距离和时间。\n\n4.6.2.3.3.4 除 4.6.2.3.3.1 c) 的情况外, 当系统执行跨车道边线障碍物绕行时, 系统应不使车辆跨越实线车道边线。\n\n注：在符合道路通行规定的情况下，为避免急迫的碰撞风险可能导致无法符合该条款。\n\n# 4.6.3 风险减缓功能\n\n# 4.6.3.1 一般要求\n\n4.6.3.1.1 若系统具有驾驶员确认的换道控制功能或系统触发的换道控制功能,则 RMF 应至少具有在 A 类道路环境下执行换道控制的能力。  \n4.6.3.1.2 系统的设计应根据系统能力和当前情况(例如,交通流情况、道路设施情况)选择适当的目标停车区域以降低安全风险。\n\n注：目标停车区域包括本车道、本车道的右侧车道、应急车道、硬路肩等。\n\n4.6.3.1.3 RMF 控制介入开始时应开启危险警告信号。', '注：目标停车区域包括本车道、本车道的右侧车道、应急车道、硬路肩等。\n\n4.6.3.1.3 RMF 控制介入开始时应开启危险警告信号。\n\n4.6.3.1.4 RMF 在控制介入过程中,除为避免碰撞风险(例如,前方车辆正在制动)而需要更大的车辆减速度外,车辆减速度应不大于 $4 \\, m/s^{2}$ 。若采用点刹方式作为 RMF 的触觉警告信号,则在非常短的时间内准许更大的车辆减速度。  \n4.6.3.1.5 当 RMF 已使车辆在目标停车区域内安全静止后，车辆应至少保持危险警告信号处于开启状态。  \n4.6.3.1.6 RMF 在控制介入过程中,系统应至少发出持续的光学和声学警告信号,以及触觉警告信号。若系统发出符合 4.8.4.2 的 DCA 可视为符合本条款的要求。  \n4.6.3.1.7 若 RMF 具有换道控制能力,应符合 4.6.3.2 的要求。\n\n# 4.6.3.2 RMF 换道控制', '# 9.4.10 风险减缓功能试验\n\n# 9.4.10.1 目标停车区域在本车道的 RMF 试验\n\n9.4.10.1.1 在日间条件下，如图 22 所示，试验道路至少为单向双车道的长直道，中间车道边线为虚线。  \n9.4.10.1.2 试验车辆以 $60 \\, km/h$ 与 $v_{sminset}$ 中的较大值为巡航车速沿车道行驶后激活系统试验开始，试验人员双手脱离转向盘直至试验车辆执行 RMF，试验车辆停止 $5 \\, s$ 后试验结束。\n\n![](images/ed6419cb05d891a40e4a5413296eded909652a3b8d7f25ba26197a616ccd68f0.jpg)\n\n<details>\n<summary>text_image</summary>\n\n试验车辆\n</details>\n\n图 22 目标停车区域在本车道的 RMF 试验示意图\n\n# 9.4.10.2 目标停车区域在其他车道的 RMF 试验\n\n# 9.4.10.2.1 无干扰车辆试验', 'a）执行换道控制被系统确认为在当前交通流情况下能够降低对车辆乘员和其他交通参与者的安\n\n全风险；\n\nb) 换道过程对其他交通参与者是能够被预期和安全响应的。\n\n4.6.3.2.4 RMF 的换道控制应符合 4.6.2.2.1.2。  \n4.6.3.2.5 除了为避免碰撞风险外，系统的目标应在执行换道控制时使车辆的横向移动保持连续。  \n4.6.3.2.6 系统的目标应仅当换道执行阶段会在车辆静止前完成时，进入换道执行阶段。   \n4.6.3.2.7 在换道执行阶段,系统应通过开启转向信号灯代替危险警告信号以提示其他交通参与者。  \n4.6.3.2.8 除 4.6.3.2.9 情况外, 完成换道执行阶段后, 系统应及时关闭转向信号灯并重新开启危险警告信号。  \n4.6.3.2.9 在 RMF 执行多次换道控制过程中, 准许转向信号灯保持开启状态, 但每个换道执行阶段应是独立的。  \n4.6.3.2.10 在换道执行过程中,除由于弯道曲率产生的横向加速度外,RMF 的目标应是避免由于换道控制额外产生大于 $1 \\, m/s^{2}$ 的车辆横向加速度。\n\n# 4.7 系统失效的检测与响应', '# 4.6.3.2 RMF 换道控制\n\n4.6.3.2.1 系统的设计应具有能够安全执行 RMF 换道控制的前向、侧向和后向感知探测范围。  \n4.6.3.2.2 系统的设计应使车辆在执行换道控制中不会对其他交通参与者造成不合理的安全风险。  \n4.6.3.2.3 系统的设计应仅在满足以下全部条件时,才准许 RMF 执行换道控制:\n\na）执行换道控制被系统确认为在当前交通流情况下能够降低对车辆乘员和其他交通参与者的安\n\n全风险；\n\nb) 换道过程对其他交通参与者是能够被预期和安全响应的。']",根据标准文档，风险减缓功能（RMF）在控制介入过程中，除为避免碰撞风险外，车辆减速度应不大于 4 m/s²。若采用点刹方式作为 RMF 的触觉警告信号，则在非常短的时间内准许更大的车辆减速度。,车辆减速度应不大于4 m/s²。,0.75,0.9355784940859531,0.49999999995,1.0,根据标准文档，风险减缓功能（RMF）在控制介入过程中，除为避免碰撞风险外，车辆减速度应不大于多少？,根据标准文档，风险减缓功能（RMF）在控制介入过程中，除为避免碰撞风险外，车辆减速度应不大于 4 m/s²。若采用点刹方式作为 RMF 的触觉警告信号，则在非常短的时间内准许更大的车辆减速度。,md_collection
本标准适用于哪些类型的汽车车门把手？,"['# 汽车车门把手安全技术要求\n\n# Safety technical requirements for automotive door handle\n\n2026-01-28 发布\n\n2027-01-01 实施\n\n# 目次\n\n# 前言 …… Ⅲ\n\n1 范围 1  \n2 规范性引用文件 …… 1  \n3 术语和定义 …… 1   \n4 技术要求 2  \n5 试验方法 4  \n6 同一型式判定 …… 6  \n7 标准的实施 …… 6\n\n# 附录 A（规范性） 车门把手布置位置 7\n\n# 附录 B（规范性） 车门把手强度试验加载位置 …… 10\n\n# 前言\n\n本文件按照 GB/T 1.1—2020《标准化工作导则 第 1 部分:标准化文件的结构和起草规则》的规定起草。\n\n请注意本文件的某些内容可能涉及专利。本文件的发布机构不承担识别专利的责任。\n\n本文件由中华人民共和国工业和信息化部提出并归口。\n\n# 汽车车门把手安全技术要求\n\n# 1 范围\n\n本文件规定了汽车车门把手的技术要求、试验方法和同一型式判定。\n\n本文件适用于 $M_{1}$ 类、 $N_{1}$ 类汽车和多用途货车的车门把手，其他车辆车门把手参照执行。', '# 1 范围\n\n本文件规定了汽车车门把手的技术要求、试验方法和同一型式判定。\n\n本文件适用于 $M_{1}$ 类、 $N_{1}$ 类汽车和多用途货车的车门把手，其他车辆车门把手参照执行。\n\n# 2 规范性引用文件\n\n下列文件中的内容通过文中的规范性引用而构成本文件必不可少的条款。其中，注日期的引用文件，仅该日期对应的版本适用于本文件；不注日期的引用文件，其最新版本（包括所有的修改单）适用于本文件。\n\nGB 11551 汽车正面碰撞的乘员保护\n\nGB 15086 汽车门锁及车门保持件的性能要求和试验方法\n\nGB 38031 电动汽车用动力蓄电池安全要求\n\n# 3 术语和定义\n\nGB 11551、GB 15086 和 GB 38031 界定的以及下列术语和定义适用于本文件。\n\n3.1\n\n车门 doors\n\n用于汽车侧面或后面的能开闭、供乘员进出的旋转开启门和平动开启门等。\n\n注：不包括折叠门、上卷门和易于安装拆卸的简易门。\n\n[来源:GB 15086—2013,2.1,有修改]\n\n3.2\n\n车门把手 door handle\n\n用于开关车门的操纵机构。\n\n注：仅包括车门外把手和车门内把手。\n\n3.3', '# 5.4.3 加载位置\n\n按下列方法确定加载装置中心位置(附录 B 的示意图):\n\n——对于外掀式车门外把手,加载装置中心位置位于宽度方向的中点,见图 B.1;  \n——对于外拉式车门外把手,加载装置中心位置位于手部操作区域 3/4 处,见图 B.2;  \n——对于直柄式车门内把手,加载装置中心位置位于距端部 20 mm 处,见图 B.3;  \n——对于环式车门内把手,加载装置中心位置位于环形前端或后端中点处,见图 B.4;  \n——对于翻盖式车门内把手,加载装置中心位置位于距端部 10 mm 处,见图 B.5;  \n——对于其他型式车门把手,加载装置中心位置位于手部操作区域的中间位置。\n\n# 6 同一型式判定\n\n如符合下述规定,则视为同一型式车辆:\n\na）车门把手的规格型号、生产企业相同；  \nb) 车门把手的结构、尺寸、材料相同；  \nc) 车门把手的安装位置、安装方式相同；  \nd) 车门把手安装的车身规格型号、生产企业相同；\n\ne）影响车门把手性能的供电单元、控制单元、执行单元等的构成、布置相同。\n\n# 7 标准的实施', 'e）影响车门把手性能的供电单元、控制单元、执行单元等的构成、布置相同。\n\n# 7 标准的实施\n\n对于新申请型式批准的车型，4.1.1.3 的要求自本文件实施之日起第 13 个月开始执行，其他要求自本文件实施之日起开始执行。\n\n对于已获得型式批准的车型,自本文件实施之日起第25个月开始执行。\n\n# 附录 A\n\n# (规范性)\n\n# 车门把手布置位置\n\n车门把手布置位置见图 A.1～图 A.4。\n\n![](images/ce867a4c0b61174126adda2b97008b062a0f806e98c55c984c6aa05c716e0b7d.jpg)\n\n<details>\n<summary>text_image</summary>\n\n2\n1\n3\n4\n5\n6\n</details>\n\n标引序号说明：\n\n1——车窗下沿中点；  \n2——经过车窗下沿中点的铅垂面；  \n3——车门外把手；  \n4——与1和5距离相等的水平面；  \n5——经过车门最下沿的水平面；  \n6——车门开启方向。\n\n图 A.1 平动开启车门的车门外把手布置位置示意图', '# 4.1.3 使用说明书\n\n车辆产品使用说明书应包括车门把手的使用说明,至少包含以下信息:\n\na）日常情况下车门把手的位置及操作说明；  \nb) 紧急情况下车门把手的操作说明。\n\n# 4.2 特殊要求\n\n# 4.2.1 性能要求\n\n4.2.1.1 对于能够在车外电释放门锁的车辆，按照 5.1 或 5.2 规定的方法进行试验，试验后应在不借助工具的情况下，通过机械释放车门外把手的单次或重复动作开启车门（不包括背门）。  \n4.2.1.2 按照 5.3 规定的方法进行试验,试验后应在不借助工具的情况下,通过机械释放车门内把手的单次或重复动作开启车门(不包括背门)。\n\n# 4.2.2 强度要求\n\n按照 5.4 规定的方法对车门把手(不包括背门)进行试验,试验过程中车门把手不应断裂或脱落,试验后车门把手应能开启车门。\n\n# 5 试验方法\n\n# 5.1 车门外把手静态试验']",本标准适用于 M1 类、N1 类汽车和多用途货车的车门把手，其他车辆的车门把手可参照执行。车门把手仅包括车门外把手和车门内把手。,本标准适用于M1类、N1类汽车和多用途货车的车门把手，其他车辆车门把手参照执行。,1.0,0.9408738966252385,0.99999999995,1.0,本标准适用于哪些类型的汽车车门把手？,本标准适用于 M1 类、N1 类汽车和多用途货车的车门把手，其他车辆的车门把手可参照执行。车门把手仅包括车门外把手和车门内把手。,md_collection
翻盖式车门内把手强度试验的加载位置距离把手边缘多少毫米？,"['图 A.4 车门内把手布置位置示意图\n\n# 附录 B\n\n# (规范性)\n\n# 车门把手强度试验加载位置\n\n车门把手强度试验加载位置见图 B.1～图 B.5。\n\n![](images/cbe10f52ec8b755f3847972fe3450d5bcb99565c442ae63483aea4b7042ef5e0.jpg)\n\n<details>\n<summary>text_image</summary>\n\nL\nL\n</details>\n\n标引序号说明：\n\nL——加载位置与车门把手可操作区域两端的距离。\n\n图 B.1 外掀式车门外把手加载位置示意图  \n![](images/098e28cc4bbf013a571ba4a4f4ce94e453aa854f3ce81140724c01b2fc34a424.jpg)\n\n<details>\n<summary>text_image</summary>\n\n3L\nL\n</details>\n\n标引序号说明：\n\nL——加载位置与车门把手可操作区域两端的距离。', '# 5.4.2 车门内把手强度试验\n\n5.4.2.1 车门内把手(不包括电子按钮式车门内把手)打开至极限位置,加载方向与车门内把手达到极限位置时运动轨迹的切线方向夹角在 $0^{\\circ} \\pm 5^{\\circ}$ 范围内,施加不小于 200 N 的力,至少保持 5 s。  \n5.4.2.2 对于电子按钮式车门内把手,加载方向与电子按钮操作方向一致且夹角在 $0^{\\circ} \\pm 5^{\\circ}$ 范围内,施加不小于 50 N 的力,至少保持 5 s。  \n5.4.2.3 加载装置与车门内把手接触宽度不应大于 20 mm。\n\n# 5.4.3 加载位置\n\n按下列方法确定加载装置中心位置(附录 B 的示意图):', '<details>\n<summary>text_image</summary>\n\n6\n5\n4\n3\n2\n1\n</details>\n\n标引序号说明：\n\n1——经过车门最下沿的水平面；  \n2——与1和4距离相等的水平面；  \n3——车门外把手；  \n4——车窗下沿中点；  \n5——经过车窗下沿中点的铅垂面；  \n6——车门回转轴线。\n\n图 A.3 其余类型车门的车门外把手布置位置示意图  \n![](images/e6e2269e3883a19f1df38bca4a068cee2102b49c9a9fa895f39920d555e24fdc.jpg)\n\n<details>\n<summary>text_image</summary>\n\n1\n680 mm\n680 mm\n2\n</details>\n\n标引序号说明：\n\n1——仪表板；  \n2——座椅 R 点。\n\n图 A.4 车门内把手布置位置示意图\n\n# 附录 B\n\n# (规范性)\n\n# 车门把手强度试验加载位置\n\n车门把手强度试验加载位置见图 B.1～图 B.5。', '<details>\n<summary>text_image</summary>\n\n3L\nL\n</details>\n\n标引序号说明：\n\nL——加载位置与车门把手可操作区域两端的距离。\n\n图 B.2 外拉式车门外把手加载位置示意图  \n![](images/5993e1b109acab5c8c95ea130dcc960d993e210e1d3237689567a3effd2283ae.jpg)\n\n<details>\n<summary>text_image</summary>\n\n20 mm\n</details>\n\n图 B.3 直柄式车门内把手加载位置示意图\n\n![](images/18a871fb9ffde06e15172bf63a164829cbfaa3e84de597c3e92c345a48196108.jpg)\n\n<details>\n<summary>natural_image</summary>', '# 5.4.3 加载位置\n\n按下列方法确定加载装置中心位置(附录 B 的示意图):\n\n——对于外掀式车门外把手,加载装置中心位置位于宽度方向的中点,见图 B.1;  \n——对于外拉式车门外把手,加载装置中心位置位于手部操作区域 3/4 处,见图 B.2;  \n——对于直柄式车门内把手,加载装置中心位置位于距端部 20 mm 处,见图 B.3;  \n——对于环式车门内把手,加载装置中心位置位于环形前端或后端中点处,见图 B.4;  \n——对于翻盖式车门内把手,加载装置中心位置位于距端部 10 mm 处,见图 B.5;  \n——对于其他型式车门把手,加载装置中心位置位于手部操作区域的中间位置。\n\n# 6 同一型式判定\n\n如符合下述规定,则视为同一型式车辆:\n\na）车门把手的规格型号、生产企业相同；  \nb) 车门把手的结构、尺寸、材料相同；  \nc) 车门把手的安装位置、安装方式相同；  \nd) 车门把手安装的车身规格型号、生产企业相同；\n\ne）影响车门把手性能的供电单元、控制单元、执行单元等的构成、布置相同。\n\n# 7 标准的实施']",根据标准第5.4.3条，翻盖式车门内把手的加载装置中心位置位于距端部10 mm处。因此，加载位置距离把手边缘为10毫米。,10 mm，如图B.5所示。,0.6666666666666666,0.7938174042220568,0.4499999999775,1.0,翻盖式车门内把手强度试验的加载位置距离把手边缘多少毫米？,根据标准第5.4.3条，翻盖式车门内把手的加载装置中心位置位于距端部10 mm处。因此，加载位置距离把手边缘为10毫米。,md_collection
本标准（GB 7258-2017）的发布日期和实施日期分别是什么？,"['本标准由中华人民共和国公安部提出并归口。\n\n本标准负责起草单位:公安部交通管理科学研究所、交通运输部公路科学研究院、中国汽车技术研究中心。\n\n本标准参加起草单位：公安部道路交通安全研究中心、成都市公安局交通管理局车辆管理所、中国公路学会客车分会、天津摩托车技术中心、上海外高桥出入境检验检疫局。\n\n本标准主要起草人:应朝阳、周炜、王学平、孙巍、何勇、孙枝鹏、裴志浩、罗跃、潘汉中、张国胜、朱彤、刘欣、黄卫东、舒强、吴云强、仝晓平、刘地、穆文浩、董金松、何云堂、王艺帆、龚标、李毅、贾国强。\n\n本标准所代替标准的历次版本发布情况为：\n\n——GB 7258—1987、GB 7258—1997、GB 7258—2004、GB 7258—2012。\n\n# 引言\n\nGB 7258 是我国机动车国家安全技术标准的重要组成部分, 是进行注册登记检验和在用机动车检验、机动车查验等机动车运行安全管理及事故车检验最基本的技术标准, 同时也是我国机动车新车定型强制性检验、新车出厂检验和进口机动车检验的重要技术依据之一。\n\n需要说明的是：', '# 参考文献 48\n\n# 前言\n\n# 本标准的全部技术内容为强制性。\n\n本标准按照 GB/T 1.1—2009 给出的规则起草。\n\n本标准代替 GB 7258—2012《机动车运行安全技术条件》。与 GB 7258—2012 相比，除编辑性修改外主要技术变化如下：', '15.3 7.8.1 储气筒额定工作气压的要求,自本标准实施之日起第 25 个月开始对新定型车实施。\n\n15.4 8.6.6 乘用车应配备事件数据记录系统或车载视频行驶记录装置的要求,自本标准实施之日起第37个月开始对新生产车实施。\n\n15.5 4.17.3 关于车长大于 11 m 的公路客车和旅游客车应装备符合标准规定的自动紧急制动系统的要求，以及 7.2.12 总质量大于或等于 12 000 kg 的危险货物运输货车应装备电控制动系统的要求，自本标准实施之日起第 37 个月开始对所有新定型车实施。\n\n15.6 4.17.3 关于车长大于 11 m 的公路客车和旅游客车应装备符合标准规定的车道保持辅助系统的要求，自本标准实施之日起第 49 个月开始对所有新定型车实施。\n\n15.7 本标准较 GB 7258—2012 新增的涉及车辆结构及安全装置的技术要求,以及 4.4.3.5 中未设置乘客站立区的客车的核定乘员数应小于或等于 56 人的要求,不适用于本标准实施之日前出厂的机动车。\n\n15.8 本标准涉及实施过渡期的要求,机动车生产厂家提前实施的应视为满足要求。\n\n# 参考文献', '——删除了动态碰撞试验装置的描述(见 2011 年版的附录 U);  \n——更改了调节装置耐久试验操作方法(见附录 U,2011 年版的附录 S)。  \n请注意本文件的某些内容可能涉及专利。本文件的发布机构不承担识别专利的责任。  \n本文件由中华人民共和国工业和信息化部提出并归口。  \n本文件及其所代替文件的历次版本发布情况为：  \n——2011年首次发布为 GB 27887—2011,2019年发布第1号修改单；  \n——本次为第一次修订。', '下列文件中的内容通过文中的规范性引用而构成本文件必不可少的条款。其中，注日期的引用文件，仅该日期对应的版本适用于本文件；不注日期的引用文件，其最新版本（包括所有的修改单）适用于本文件。\n\nGB/T 231.1 金属材料 布氏硬度试验 第1部分:试验方法\n\nGB/T 3505 产品几何技术规范(GPS) 表面结构 轮廓法 术语、定义及表面结构参数\n\nGB/T 4780 汽车车身术语\n\nGB 6675.3 玩具安全 第 3 部分: 易燃性能\n\nGB 6675.4 玩具安全 第 4 部分: 特定元素的迁移\n\nGB 8410 汽车内饰材料的燃烧特性\n\nGB/T 8427 纺织品 色牢度试验 耐人造光色牢度:氙弧\n\nGB 14166 机动车乘员用安全带和约束系统\n\nGB 14167 机动车乘员用安全带和约束系统安装固定点\n\nISO 2575:2010 道路车辆 控制器、指示器和信号装置符号(Road vehicles—Symbols for controls, indicators and tell-tales)']",根据提供的文档，没有找到GB 7258-2017的发布日期和实施日期，因此无法回答。,本标准于2017-09-29发布，2018-01-01实施。,1.0,0.0,0.0,0.0,本标准（GB 7258-2017）的发布日期和实施日期分别是什么？,根据提供的文档，没有找到GB 7258-2017的发布日期和实施日期，因此无法回答。,md_collection
根据标准文档，机动车产品标牌应至少标明哪些内容？如果采用标签标示，需符合什么标准？,"['机动车均应在产品标牌上标明品牌、整车型号、制造年月、生产厂名及制造国，各类机动车产品标牌应标明的其他项目见表1。产品标牌上标明的内容应规范、清晰耐久且易于识别，项目名称均应有中文名称。\n\n表 1 各类机动车产品标牌应补充标明的项目', '# 4.7 图形和文字标志\n\n4.7.1 汽车(三轮汽车和装用单缸柴油机的低速货车除外)、摩托车应分别按照 GB 4094、GB/T 4094.2 和 GB 15365 的规定设置操纵件、指示器及信号装置的图形标志。\n\n4.7.2 三轮汽车和装用单缸柴油机的低速货车的变速杆、手柄和开关等操纵机构，除作用非常明确的外，应在操纵机构上或其附近用耐久性标志明确标明其功能、操作方向等。标志用操作符号应与背景有明显的色差。\n\n4.7.3 机动车标注的警告性文字应有中文。\n\n4.7.4 旅居车和旅居挂车旅居室内的专用装备设施应明示相应的安全使用规定。\n\n4.7.5 低速汽车和拖拉机运输机组应对需要提醒人们注意的安全事项设置相应的安全标志。安全标志应符合 GB 10396 的规定。', '8.2.5 宽度大于 2 100 mm 的机动车均应安装示廓灯。  \n8.2.6 牵引杆挂车应在挂车前部的左右各装一只前白后红的牵引杆挂车标志灯，其高度应比牵引杆挂车的前栏板高出 $300 \\, mm \\sim 400 \\, mm$ ，距车厢外侧应小于 $150 \\, mm$ 。  \n8.2.7 校车应配备统一的校车标志灯和停车指示标志。', '4.15.7 旅居挂车的产品使用说明书应注明连接装置对应的国家标准或国际标准号，并明示车辆行驶过程中旅居室内不得载人。  \n4.15.8 纯电动汽车、燃料电池汽车、混合动力汽车的产品说明书中，应注明操作安全和故障防护特殊要求。  \n4.15.9 专项作业车的产品使用说明书应注明其装备的专用设备或器具的类型、规格、专用功能关键技术参数和专项作业的特殊说明；其他装备有专用仪器或设备的汽车的产品使用说明书，应对其装备的专用设备或器具的类型、规格予以说明。  \n4.15.10 三轮汽车的产品使用说明书应明示所有操纵机构的操作说明。  \n4.15.11 轮式专用机械车、特型机动车的产品使用说明书应明示其制造时所执行的相关国家标准和/或行业标准的标准顺序号和年号。  \n4.15.12 机动车的产品使用说明书的所有文字性内容均应有中文。\n\n# 4.16 乘用车列车的特殊要求\n\n4.16.1 组成乘用车列车的乘用车应符合以下要求：', '4.15.2 汽车的产品使用说明书应对其前风窗玻璃处微波窗口的具体位置，以及装备的安全气囊、防抱制动装置、辅助制动装置、限速功能或限速装置、电子稳定性控制系统等安全装置的功能、用法和注意事项等加以说明；装备有安全气囊的汽车，还应在产品使用说明书中明确安全气囊的位置、展开的条件和情形。  \n4.15.3 具有电子控制单元(ECU)或电子数据接口的汽车,应在产品使用说明书中说明从 ECU 中读取车辆识别代号信息的方法。  \n4.15.4 配备了事件数据记录系统(EDR)的汽车,其产品使用说明书应:\n\n——包括“本车配备了事件数据记录系统(EDR)”等内容的声明；  \n——对 EDR 所记录数据项的含义及可能的用途加以说明；  \n——对 EDR 数据读取工具的获取途径加以说明。\n\n4.15.5 乘用车、旅居车的产品使用说明书应对适合安装的儿童座椅的类型及固定方法加以说明。\n\n4.15.6 具备牵引功能的乘用车，应在其产品使用说明书中对以下事项加以说明：']",根据标准文档，机动车产品标牌应至少标明品牌、整车型号、制造年月、生产厂名及制造国，并标明表1所列的其他项目；标牌内容应规范、清晰耐久且易于识别，项目名称均应有中文名称。文档中未提及“采用标签标示”需符合的标准，因此无法据此回答该问题。,机动车均应在产品标牌上标明品牌、整车型号、制造年月、生产厂名及制造国。产品标牌如采用标签标示，则标签应符合GB/T 25978规定的标签一般性能、防篡改性能及防伪性能要求。,,0.0,0.9999999999,0.5,根据标准文档，机动车产品标牌应至少标明哪些内容？如果采用标签标示，需符合什么标准？,根据标准文档，机动车产品标牌应至少标明品牌、整车型号、制造年月、生产厂名及制造国，并标明表1所列的其他项目；标牌内容应规范、清晰耐久且易于识别，项目名称均应有中文名称。文档中未提及“采用标签标示”需符合的标准，因此无法据此回答该问题。,md_collection
《电动汽车换电安全要求 第2部分: 商用车辆》的发布日期和实施日期分别是什么？,"['# 电动汽车换电安全要求 第 2 部分: 商用车辆\n\n# Safety requirements of battery swap for electric vehicles— Part 2: Commercial vehicle\n\n2025-04-25 发布\n\n2025-11-01 实施\n\n# 目次\n\n前言 Ⅲ\n\n引言 IV\n\n1 范围 1  \n2 规范性引用文件 …… 1  \n3 术语和定义 …… 1   \n4 安全要求 3\n\n4.1 整车要求 3  \n4.2 系统要求 4\n\n5 试验方法 …… 5\n\n5.1 试验条件 5  \n5.2 整车试验 5   \n5.3 系统试验 6\n\n参考文献……9\n\n# 前言\n\n本文件按照 GB/T 1.1—2020《标准化工作导则 第1部分:标准化文件的结构和起草规则》的规定起草。\n\n本文件是 GB/T 40032《电动汽车换电安全要求》的第 2 部分。GB/T 40032 已经发布了以下部分：\n\n——电动汽车换电安全要求(GB/T 40032—2021);\n\n——第 2 部分: 商用车辆。\n\n请注意本文件的某些内容可能涉及专利。本文件的发布机构不承担识别专利的责任。', '——电动汽车换电安全要求(GB/T 40032—2021);\n\n——第 2 部分: 商用车辆。\n\n请注意本文件的某些内容可能涉及专利。本文件的发布机构不承担识别专利的责任。\n\n本文件由中华人民共和国工业和信息化部提出。\n\n本文件由全国汽车标准化技术委员会(SAC/TC 114)归口。', '本文件主要起草人: 曹冬冬、李鑫、孟祥峰、柳邵辉、张宝强、周站福、邵长宏、李立国、郑天雷、罗浩亮、陈彦雷、刘威、王赛、谭松涛、童朝阳、诸萍、张巍、董金国、陈赫、李枭、杨超、罗涌泉、杜雪伟、张建平、王其权、陈世栋、王锋、高润泽、胡伟钦、宋晓强、李伟聪、王宇霆、周军桥、刘振威。\n\n# 引言\n\nGB/T 40032《电动汽车换电安全要求》旨在规范换电电动汽车在使用及换电操作过程中的安全性，拟由两个部分构成。\n\n——第 1 部分: 乘用车辆。目的在于规范换电电动乘用车及车载换电系统, 在换电方面的特殊安全性, 保障运行中的人员及财产安全。  \n——第 2 部分: 商用车辆。目的在于规范换电电动商用车及车载换电系统, 在换电方面的特殊安全性, 保障运行中的人员及财产安全。\n\n对于由动力蓄电池、高压电气等引起的其他安全风险，已在相关标准中给予规定。GB 18384 规定了电动汽车的一般安全要求，GB/T 31498 规定了电动汽车碰撞后安全要求，GB 38031 规定了动力蓄电池安全要求，GB/T 43332 规定了电动汽车充放电安全要求。\n\n# 电动汽车换电安全要求\n\n# 第 2 部分: 商用车辆\n\n# 1 范围', '# 电动汽车换电安全要求\n\n# 第 2 部分: 商用车辆\n\n# 1 范围\n\n本文件规定了 $N_{1}$ 类、 $N_{2}$ 类、 $N_{3}$ 类换电电动汽车(以下称“车辆”)所特有的安全要求,描述了相应试验方法。\n\n本文件适用于 $N_{1}$ 类、 $N_{2}$ 类、 $N_{3}$ 类换电电动汽车及车载换电系统，其他类型换电车辆参考执行。\n\n# 2 规范性引用文件\n\n下列文件中的内容通过文中的规范性引用而构成本文件必不可少的条款。其中，注日期的引用文件，仅该日期对应的版本适用于本文件；不注日期的引用文件，其最新版本（包括所有的修改单）适用于本文件。\n\nGB 1589—2016 汽车、挂车及汽车列车外廓尺寸、轴荷及质量限值\n\nGB/T 2423.56 环境试验 第2部分:试验方法 试验Fh:宽带随机振动和导则\n\nGB/T 4208—2017 外壳防护等级(IP 代码)\n\nGB/T 11918.1—2014 工业用插头插座和耦合器 第1部分:通用要求\n\nGB/T 15089 机动车辆及挂车分类\n\nGB 18384—2020 电动汽车安全要求\n\nGB/T 19596 电动汽车术语', '对于已获得型式批准的最大总质量不小于 $1500 \\, kg$ 的 $N_{1}$ 类车型，自本文件实施之日起第 37 个月开始执行。\n\n# 参考文献\n\n[1] GB 18384—2020 电动汽车安全要求  \n[2] GB/T 19596—2017 电动汽车术语   \n[3] GB 20072—2024 乘用车后碰撞安全要求   \n[4] GB/T 35360—2017 汽车转向系统术语和定义']",发布日期是2025年4月25日，实施日期是2025年11月1日。,发布日期是2025-04-25，实施日期是2025-11-01。,1.0,0.6283366621303225,0.9999999999,1.0,《电动汽车换电安全要求 第2部分: 商用车辆》的发布日期和实施日期分别是什么？,发布日期是2025年4月25日，实施日期是2025年11月1日。,md_collection
根据标准文档，N2类和N3类后背式换电车辆的车载换电系统在振动试验中，每个方向的测试时间是多少小时？,"['# 5.3.1.3 振动试验\n\n5.3.1.3.1 按照试验对象车辆安装位置的要求，将试验对象安装在振动台上。每个方向施加随机振动载荷，加载顺序宜为 y 轴随机、z 轴随机、x 轴随机。检测机构也可自行选择顺序，以缩短转换时间。试验过程按照 GB/T 2423.56 进行。  \n5.3.1.3.2 $N_{1}$ 类车辆的车载系统应按照不低于 GB 38031—2025 中表 3 和图 3 的振动参数开展振动试验， $N_{2}$ 类和 $N_{3}$ 类底盘式换电车辆的车载系统应按照不低于 GB 38031—2025 中表 2 和图 2 的振动参数开展振动试验， $N_{2}$ 类和 $N_{3}$ 类后背式换电车辆的车载换电系统应按照不低于表 1、表 2 和图 3 的振动参数开展振动试验。\n\n表 1 $N_{2}$ 类和 $N_{3}$ 类后背式换电车辆的车载换电系统的随机振动试验条件', '<details>\n<summary>line</summary>\n\n| 频率/Hz | z向     | y向     | x向     |\n| ------- | ------- | ------- | ------- |\n| 1       | 0.02    | 0.015   | 0.01    |\n| 10      | 0.02    | 0.02    | 0.015   |\n| 100     | 0.005   | 0.005   | 0.003   |\n| 1000    | 0.001   | 0.001   | 0.0005  |\n</details>\n\n图 3 $N_{2}$ 类和 $N_{3}$ 类后背式换电车辆车载换电系统的随机振动试验曲线\n\n5.3.1.3.3 车载换电系统按照正常工作状态连接，测试系统台架安装示意图见图 4。\n\n![](images/273c83661551782b1e9e11aa15f56a9f25d202257947d6e5537f2eca29010498.jpg)\n\n<details>\n<summary>text_image</summary>', '# 5.3.2 换电操作试验\n\n5.3.2.1 后背式换电车辆及 $N_{2}$ 类、 $N_{3}$ 类底盘式换电车辆，将被测样件中换电支架模拟车辆装配状态安装在测试装置支架上，按照 x、y 方向分别偏移 5 mm 及车体平面倾斜角 $1^{\\circ}$ 工况下进行 10 000 次换电电池系统的换电操作，即在 $\\pm x$ 方向分别偏移 5 mm、 $\\pm y$ 方向分别偏移 5 mm，无偏移情况下车体平面倾斜角 $1^{\\circ}$ 状态工况分别换电 2 000 次，其中换电机构配合换电操作共完成 10 000 次的释放/锁止循环。\n\n5.3.2.2 $N_{1}$ 类底盘式换电车辆，应按照 GB/T 40032—2021 中 5.3.2 进行试验。\n\n5.3.2.3 试验结束后，应对被测样件进行外观、结构和功能检查，并记录检查结果。\n\n# 参考文献', '表 2 $N_{2}$ 类和 $N_{3}$ 类后背式换电车辆的车载换电系统的随机振动均方根值\n\n<table><tr><td>z轴[均方根(RMS)]</td><td>y轴[均方根(RMS)]</td><td>x轴[均方根(RMS)]</td></tr><tr><td>1.003g</td><td>0.981g</td><td>0.813g</td></tr></table>\n\n![](images/c12452fce36bd1f5339aa8078930433ff90bef2c823b235e337f6a5d4456d6b1.jpg)\n\n<details>\n<summary>line</summary>', '8.2.1.3 对于装载在除 $M_{1}$ 类、 $N_{1}$ 类外的车辆上的电池包或系统，振动测试参数按照表 2 和图 2 设置，其中，x 轴、y 轴、z 轴的 RMS 分别为 0.52g、0.57g、0.73g。对于试验对象存在多个安装方向 $(x/y/z)$ 时，按照 RMS 大的安装方向进行试验。对于安装在车辆顶部的电池包或系统，按照制造商提供的不低于表 2 和图 2 的振动测试参数开展振动测试。\n\n8.2.1.4 对于装载在 $M_{1}$ 类、 $N_{1}$ 类车辆上的电池包或系统，振动测试参数按照表 3 和图 3 设置，其中，x 轴、y 轴、z 轴的 RMS 分别为 0.50g、0.45g、0.64g。\n\n表 2 除 $M_{1}$ 类、 $N_{1}$ 类外的车辆电池包或系统的振动测试条件']",根据提供的文档内容，未给出N2类和N3类后背式换电车辆车载换电系统在振动试验中每个方向的具体测试时间（小时）。文档仅规定了振动试验的加载顺序、试验条件表和均方根值等参数，未提及时间要求。因此无法从文档中得知该信息。,每个方向测试时间为12 h。,0.5,0.0,0.0,0.0,根据标准文档，N2类和N3类后背式换电车辆的车载换电系统在振动试验中，每个方向的测试时间是多少小时？,根据提供的文档内容，未给出N2类和N3类后背式换电车辆车载换电系统在振动试验中每个方向的具体测试时间（小时）。文档仅规定了振动试验的加载顺序、试验条件表和均方根值等参数，未提及时间要求。因此无法从文档中得知该信息。,md_collection
根据附录A，对于电压高于多少伏特（直流）的电池包，宜包括手动切断功能？,"['7 同一型式判定…… 17  \n8 标准的实施…… 18  \n附录 A（规范性） B 级电压零部件防水性能验证方法 …… 19\n\nA.1 制造商提供资料要求 19  \nA.2 B级电压零部件防水测试方法……20\n\n参考文献 21\n\n# 前言\n\n本文件按照 GB/T 1.1—2020《标准化工作导则 第1部分:标准化文件的结构和起草规则》的规定起草。\n\n本文件代替 GB 18384—2020《电动汽车安全要求》，与 GB 18384—2020 相比，除结构调整和编辑性改动外，主要技术变化如下：\n\n——更改了范围(见第1章,2020年版的第1章);\n\n——增加了术语“高压维修断开装置”“低压维修断开装置”“高压连接器”“驱动系统电源切断”“接触电流”（见3.2、3.3、3.5、3.7、3.8）；\n\n——更改了高压警告标记要求(见 5.1.2.1,2020 年版的 5.1.2.1);\n\n——更改了遮栏或外壳要求(见 5.1.3.2,2020 年版的 5.1.3.2);\n\n——更改了高压连接器要求(见 5.1.3.3,2020 年版的 5.1.3.3);', '# 5 安全要求\n\n# 5.1 人员触电防护要求\n\n# 5.1.1 通则\n\n# 5.1.1.1 人员触电防护要求应包括以下四个部分：\n\n——高压标记要求；  \n——直接接触防护要求；  \n——间接接触防护要求；  \n——防水要求。\n\n5.1.1.2 对于相互传导连接的 A 级电压电路和 B 级电压电路，当电路中直流带电部件的一极与电平台连接，其他任一带电部分与这一极的最大电压值不大于 30 V (a.c.) (rms) 且不大于 60 V (d.c.)，则 5.1.4.1、5.1.4.2、5.1.4.3 和 5.1.5 的要求对该电路（包括直流部分和交流部分）不适用。\n\n# 5.1.2 高压标记要求\n\n# 5.1.2.1 高压警告标记要求', '1) 电池包内高压回路数量相同或者减少；  \nm）维修开关、高低压接插件的数量、规格型号及布置位置相同；  \nn）泄压装置的数量、规格型号及布置位置相同；  \no）电池包长度、宽度尺寸与标称值的差值在标称值的±1%以内，高度尺寸与标称值的差值在标称值的±5%以内；  \np）电池包质量在标称值的 90%～103%；  \nq）整车上以对称形式安装的电池包，电池包外包络结构、电池模组布置满足镜像对称。', '\\- 交流电路电压应降到不超过 $30 \\mathrm{~V}(\\mathrm{a.c.})$ (rms)，直流电路电压应降到不超过 $60 \\mathrm{~V}(\\mathrm{d.c.})$ ；\n\n\\- B级电路存储总能量小于0.2 J。\n\n# 5.1.3.3 高压连接器要求\n\n在不使用工具的情况下,高压连接器应无法打开,否则至少满足以下条件之一:\n\na）高压连接器分开后，应满足 GB/T 4208—2017 中 IPXXB 的防护等级要求；  \nb) 高压连接器至少需要两个不同的动作才能将其从相互的对接端分离，且应具有机械锁止关系；  \nc) 在高压连接器分开之后, 连接器中带电部分的电压能在 1 s 内降低到不大于 30 V (a.c.) (rms) 且不大于 60 V (d.c.)。\n\n# 5.1.3.4 维修断开装置要求\n\n车辆应装有维修断开装置，且满足以下条件之一。\n\na）高压维修断开装置在不使用工具的情况下，应无法打开或拔出。但以下两种情况除外：', '标引符号说明：  \nIn ——冷却介质进口；  \nOut——冷却介质出口。\n\n图 A.1 电池包典型结构\n\n# A.2 电池系统\n\n电池系统是能量存储装置,包括单体或模块或电池包,还包括电路和电控单元(如电池控制单元、电流接触器)。对于高于 $60 \\, \\text{V(d.c.)}$ 的电池系统,应该包括手动切断功能。电池系统的典型结构有两种,分别是集成了电池控制单元的电池系统和带外置电池控制单元的电池系统,如图 A.2 和图 A.3 所示。\n\n![](images/b2a129bb92b882b31f8440be98b29b0874f982a0328329c72129e37cfde4b225.jpg)\n\n<details>\n<summary>flowchart</summary>']",根据附录A，对于电压高于 60 V（直流）的电池系统，宜包括手动切断功能。,高于 60 V（d.c.）的电池包。,1.0,0.7903215141208132,0.5333333333155555,0.0,根据附录A，对于电压高于多少伏特（直流）的电池包，宜包括手动切断功能？,根据附录A，对于电压高于 60 V（直流）的电池系统，宜包括手动切断功能。,md_collection
QC/T 1206《电动汽车动力蓄电池热管理系统》第2部分液冷系统的发布日期和实施日期分别是什么？,"['# 电动汽车动力蓄电池热管理系统 第 2 部分: 液冷系统\n\n# Thermal management system for electric vehicle traction battery— Part 2: Liquid cooling system\n\n2024-07-19 发布\n\n2025-01-01 实施\n\n# 前言\n\n本文件按照 GB/T 1.1—2020《标准化工作导则 第 1 部分:标准化文件的结构和起草规则》的规定起草。\n\n本文件是 QC/T 1206《电动汽车动力蓄电池热管理系统》的第 2 部分。QC/T 1206 已经发布了以下部分：\n\n——第1部分:通用要求;\n\n——第 2 部分: 液冷系统。\n\n请注意本文件的某些内容可能涉及专利。本文件的发布机构不承担识别专利的责任。\n\n本文件由全国汽车标准化技术委员会(SAC/TC 114)提出并归口。', '# 电动汽车动力蓄电池热管理系统 第 1 部分:通用要求\n\n# Thermal management system for electric vehicle traction battery— Part 1: General requirements\n\n2024-11-07 发布\n\n2025-05-01 实施\n\n# 前言\n\n本文件按照 GB/T 1.1—2020《标准化工作导则 第 1 部分:标准化文件的结构和起草规则》的规定起草。\n\n本文件是 QC/T 1206《电动汽车动力蓄电池热管理系统》的第 1 部分。QC/T 1206 已经发布了以下部分：\n\n——第1部分:通用要求;\n\n——第 2 部分: 液冷系统。\n\n请注意本文件的某些内容可能涉及专利。本文件的发布机构不承担识别专利的责任。\n\n本文件全国汽车标准化技术委员会(SAC/TC 114)提出并归口。', '# 引言\n\n动力蓄电池作为复杂的电化学系统,其电性能、寿命和安全性都与温度高度相关。动力蓄电池热管理系统使电池工作在适宜温度内,且不同单体之间的温度均匀,以提高电池的运行一致性。\n\nQC/T 1206《电动汽车动力蓄电池热管理系统》提出了动力蓄电池热管理系统的性能要求和测试方法，将为电动汽车整车、动力电池企业的产品研发提供统一的测试方法，引导动力电池行业热管理系统产品技术提升。考虑到动力电池热管理系统的技术路线较多，各相关方对于技术内容的需求不同，因此 QC/T 1206 拟由 5 个部分构成。\n\n——第 1 部分: 通用要求。目的在于确立动力电池热管理系统加热、冷却、保温等通用要求及对应测试方法。  \n——第 2 部分: 液冷系统。目的在于确立动力电池液冷系统的技术要求及对应测试方法。  \n——第 3 部分: 风冷系统。目的在于确立动力电池风冷系统的技术要求及对应测试方法。  \n——第 4 部分: 电加热器。目的在于确立动力电池电加热器的技术要求及对应测试方法。  \n——第 5 部分: 直冷直热系统。目的在于确立动力电池直冷直热系统的技术要求及对应测试方法。\n\n# 电动汽车动力蓄电池热管理系统', '# 引言\n\n动力蓄电池作为复杂的电化学系统,其电性能、寿命和安全性都与温度高度相关。动力蓄电池热管理系统使电池工作在适宜温度内,且不同单体之间的温度均匀,以提高电池的运行一致性。\n\nQC/T 1206《电动汽车动力蓄电池热管理系统》提出了动力蓄电池热管理系统的性能要求和测试方法，将为电动汽车整车、动力电池企业的产品研发提供统一的测试方法，引导动力电池行业热管理系统产品技术提升。考虑到动力电池热管理系统的技术路线较多，各相关方对于技术内容的需求不同，因此 QC/T 1206 拟由 5 个部分构成。\n\n——第 1 部分: 通用要求。目的在于确立动力电池热管理系统加热、冷却、保温等通用要求及对应测试方法。  \n——第 2 部分: 液冷系统。目的在于确立动力电池液冷系统的技术要求及对应测试方法。  \n——第 3 部分: 风冷系统。目的在于确立动力电池风冷系统的技术要求及对应测试方法。  \n——第 4 部分: 电加热器。目的在于确立动力电池电加热器的技术要求及对应测试方法。  \n——第 5 部分: 直冷直热系统。目的在于确立动力电池直冷直热系统的技术要求及对应测试方法。\n\n# 电动汽车动力蓄电池热管理系统', '# 电动汽车动力蓄电池热管理系统\n\n# 第 2 部分: 液冷系统\n\n# 1 范围\n\n本文件规定了电动汽车动力蓄电池(以下简称“电池”)液冷系统的技术要求及试验方法。\n\n本文件适用于电动汽车动力蓄电池液冷系统及其零部件的研发和测试。\n\n# 2 规范性引用文件\n\n下列文件中的内容通过文中的规范性引用而构成本文件必不可少的条款。其中，注日期的引用文件，仅该日期对应的版本适用于本文件；不注日期的引用文件，其最新版本（包括所有的修改单）适用于本文件。\n\nGB/T 2408—2021 塑料 燃烧性能的测定 水平法和垂直法\n\nGB/T 19596 电动汽车术语\n\nGB 38031—2020 电动汽车用动力蓄电池安全要求\n\nQC/T 468—2010 汽车散热器\n\nQC/T 1206.1—2024 电动汽车动力蓄电池热管理系统 第1部分:通用要求\n\n# 3 术语和定义\n\nGB/T 19596、QC/T 1206.1—2024 界定的以及下列术语和定义适用于本文件。\n\n3.1\n\n# 液冷系统 liquid cooling system\n\n采用冷却液(如乙二醇和水的混合溶液)作为换热介质对电池进行冷却的系统。']",QC/T 1206《电动汽车动力蓄电池热管理系统》第2部分液冷系统的发布日期是2024-07-19，实施日期是2025-01-01。,发布日期是2024-07-19，实施日期是2025-01-01。,1.0,0.9535122562839925,0.9999999999,1.0,QC/T 1206《电动汽车动力蓄电池热管理系统》第2部分液冷系统的发布日期和实施日期分别是什么？,QC/T 1206《电动汽车动力蓄电池热管理系统》第2部分液冷系统的发布日期是2024-07-19，实施日期是2025-01-01。,md_collection
型式检验中，若有一项检验项目不合格，应如何判定？,"['# 6.2 型式检验\n\n有下列情况之一应进行型式检验：\n\na）项目工程认可阶段；  \nb）新产品投产和老产品转产；  \nc）转厂；  \nd）停产超过一年后复产；  \ne）结构、工艺或材料有重大改变；  \nf) 重大质量事故调整后。\n\n# 6.3 判定规则\n\n6.3.1 出厂检验,在型式检验合格期限内,由制造商质量检验部门对外观、尺寸质量和密封性能全部检验合格后方可出厂。  \n6.3.2 在型式检验中,若有一项不合格时,应判定为不合格。\n\n# 7 标识、包装、运输和贮存\n\n# 7.1 标识\n\n液冷板、液冷管应在明显位置装有标签标识,应注明:\n\na）产品质量；  \nb）产品编号；  \nc) 外形尺寸；  \nd）制造日期；  \ne）制造厂名称或工厂代号或按用户特殊要求。\n\n# 7.2 包装\n\n7.2.1 液冷系统在包装箱内应适当防护,防止运输中磕碰。  \n7.2.2 包装箱应牢固可靠。箱外应标明产品名称、型号、制造年月、勿倒置、防潮等字样。\n\n# 7.3 运输\n\n包装完好的产品可用各种工具运输,运输途中不准许遭雨淋,避免剧烈振动和碰撞。\n\n# 7.4 贮存', '# 6 试验条件\n\n# 6.1 一般条件', '5.3.2.3 试验结束后，应对被测样件进行外观、结构和功能检查，并记录检查结果。\n\n# 参考文献\n\n[1] GB 19239—2022 燃气汽车燃气系统安装规范   \n[2] GB/T 26990—2023 燃料电池电动汽车 车载氢系统技术条件  \n[3] GB/T 31498 电动汽车碰撞后安全要求  \n[4] GB/T 43332 电动汽车传导充放电安全要求', '跌落架\n头型冲击器\n跌落角度\n376±1\n刚性平台\n</details>\n\n图 31 头型冲击器生物特性动态标定示意图\n\n7.3.3.2 头型冲击器应从规定高度跌落。跌落方式应保证头型冲击器瞬间释放并跌落到一刚性支撑的水平钢板上。该钢板为厚度大于 50 mm，面积大于 $300 \\, mm \\times 300 \\, mm$ 的正方形，表面干净、干燥，粗糙度为 $0.2 \\, \\mu m \\sim 2.0 \\, \\mu m$ 。  \n7.3.3.3 跌落时头型冲击器后表面与垂直方向的夹角，对于儿童头型应为 6.3.7 规定的试验角度，对于成人头型应为 6.4.7 规定的试验角度，见图 31。头型冲击器的悬挂方式应保证头型冲击器在跌落过程中不旋转。  \n7.3.3.4 应进行三次跌落试验，每次跌落后应将头型冲击器沿对称轴旋转 $120^{\\circ}$ 。\n\n# 8 同一型式判定\n\n# 8.1 腿型试验同一型式要求\n\n如符合下述规定，在腿型试验方面则视为同一型式：', '# 4.9 漏水检查\n\n在发动机运转及停车时，散热器、水泵、缸体、缸盖、暖风装置及所有连接部位均不应有滴漏现象。\n\n# 4.10 漏油检查\n\n机动车连续行驶距离不小于 $10 \\, km$ ，停车 $5 \\, min$ 后观察，不应有滴漏现象。\n\n# 4.11 车速表指示误差(最大设计车速不大于 40 km/h 的机动车除外)\n\n车速表指示车速 $v_{1}$ (单位: km/h) 与实际车速 $v_{2}$ (单位: km/h) 之间应符合下列关系式:\n\n$$\n0 \\leqslant v _ {1} - v _ {2} \\leqslant (v _ {2} / 1 0) + 4\n$$\n\n# 4.12 行驶轨迹\n\n汽车列车和轮式拖拉机运输机组在平坦、干燥的路面上以 $30 \\, km/h$ 的速度直线行驶时，挂车后轴中心相对于牵引车前轴中心的最大摆动幅度，铰接列车、乘用车列车和中置轴挂车列车应小于或等于 $110 \\, mm$ ，牵引杆挂车列车和轮式拖拉机运输机组应小于或等于 $220 \\, mm$ 。\n\n# 4.13 驾驶人耳旁噪声要求']",型式检验中，若有一项不合格时，应判定为不合格。,在型式检验中，若有一项不合格时，应判定为不合格。,1.0,0.982412275250511,0.9999999999,1.0,型式检验中，若有一项检验项目不合格，应如何判定？,型式检验中，若有一项不合格时，应判定为不合格。,md_collection
汽车防夹系统标准中，车窗防夹力应不大于多少牛？,"['# 4.2.1.1 防夹区域\n\n车窗防夹区域为从车窗顶部胶条或门洞胶条(无框车门)最下端4 mm～200 mm区域。\n\n# 4.2.1.2 防夹力\n\n车窗防夹力应不大于 $100 \\, N$ 。\n\n# 4.2.1.3 防夹反转距离\n\n车窗防夹反转距离应符合 GB 11552 的规定。\n\n# 4.2.2 天窗防夹系统\n\n# 4.2.2.1 防夹区域\n\n天窗防夹区域为从天窗玻璃开启边的前缘、滑动天窗电动遮阳帘开启的前缘以及倾斜起翘天窗的尾缘计算，开口在 $4 \\, mm \\sim 200 \\, mm$ 区域内。\n\n# 4.2.2.2 防夹力\n\n天窗防夹力应不大于 $100 \\, N$ 。\n\n# 4.2.2.3 防夹反转距离\n\n天窗防夹反转距离应符合 GB 11552 的规定。\n\n# 4.2.3 滑移门防夹系统\n\n# 4.2.3.1 防夹区域\n\n水平方向从滑移门全开位置到半锁位置形成的区域；垂直方向从滑移门上边缘到下边缘形成的区域（不包含距车门上下边缘距离不大于 50 mm 区域）。\n\n# 4.2.3.2 防夹力', '在车窗、天窗、滑移门、背门系统自动开启或关闭过程中，在防夹区域内遇到障碍物，系统自动停止或自动反转的功能。\n\n3.3\n\n防夹区域 anti-pinch zone\n\n触发防夹功能的区域。\n\n3.4\n\n防夹力 anti-pinch force\n\n触发防夹功能的阻力。\n\n3.5\n\n防夹反转距离 anti-pinch reversal distance\n\n在车窗、天窗、滑移门、背门系统自动开启或关闭过程中，在防夹区域内触发防夹功能后系统自动反转的距离。\n\n# 4 技术要求\n\n# 4.1 一般要求\n\n4.1.1 环境温度: $-30^{\\circ}C \\sim 80^{\\circ}C$ , 系统工作电压: $9V \\sim 16V$ 。\n\n4.1.2 防夹系统应能将汽车在行驶过程中产生的颠簸震动等干扰与防夹功能区别开，避免系统误防夹。\n\n# 4.2 性能要求\n\n# 4.2.1 车窗防夹系统\n\n# 4.2.1.1 防夹区域\n\n车窗防夹区域为从车窗顶部胶条或门洞胶条(无框车门)最下端4 mm～200 mm区域。\n\n# 4.2.1.2 防夹力\n\n车窗防夹力应不大于 $100 \\, N$ 。', '本文件主要起草人:王鑫、华进勇、刘少锋、丁盛、乔轩、陈杰、韦青、田新跃、李晶、梅一丹、孙宇轩、孙翔、崔东娜、武煜、沈强。\n\n# 汽车防夹系统\n\n# 1 范围\n\n本文件规定了汽车防夹系统的技术要求、试验方法等。\n\n本文件适用于 $M_{1}$ 类汽车防夹系统，包含车窗防夹系统、天窗防夹系统、滑移门防夹系统、背门防夹系统。其他车辆参考执行。\n\n# 2 规范性引用文件\n\n下列文件中的内容通过文中的规范性引用而构成本文件必不可少的条款。其中，注日期的引用文件，仅该日期对应的版本适用于本文件；不注日期的引用文件，其最新版本（包括所有的修改单）适用于本文件。\n\nGB 11552 乘用车内部凸出物\n\n# 3 术语和定义\n\n下列术语和定义适用于本文件。\n\n3.1\n\n防夹系统 anti-pinch system\n\n避免或减小车窗、天窗、滑移门、背门在自动开启或关闭过程中对人身造成伤害的装置。\n\n3.2\n\n防夹功能 anti-pinch function\n\n在车窗、天窗、滑移门、背门系统自动开启或关闭过程中，在防夹区域内遇到障碍物，系统自动停止或自动反转的功能。\n\n3.3\n\n防夹区域 anti-pinch zone', '无防夹条:水平方向从背门全开位置到半锁位置形成的区域;垂直方向为背门下端区域(不包含距背门左、右边缘 $\\leqslant$ 50 mm 区域)。\n\n# 4.2.4.2 防夹力\n\n在防夹条区域背门防夹力应不大于 $50 \\, N$ ; 在底部区域背门防夹力应不大于 $150 \\, N$ 。\n\n# 4.2.4.3 防夹反转距离\n\n在自动开启或关闭过程中触发防夹后，背门应悬停或反向运动一定距离。\n\n# 5 试验方法\n\n# 5.1 车窗防夹功能试验方法\n\n# 5.1.1 防夹区域试验\n\n在车窗顶部胶条或门洞胶条(无框车门)下边缘均匀选取三点作为测试位置(前、后车门测试点需能放置直径为200 mm的测试棒)，按图1所示，分别用直径为4 mm的刚性测试棒，直径为100 mm、刚度为 $(10\\pm0.5)$ N/mm的测试棒，直径为200 mm、刚度为 $(10\\pm0.5)$ N/mm的测试棒在各测试点通过车窗伸出，测试棒轴线方向与车窗玻璃关闭方向垂直；车窗玻璃从最大开启位置自动上升，验证在车窗玻璃触碰测试棒后是否具备防夹功能，每个测试点测试3次。测试棒在整个测试期间相对于门框及车窗玻璃关闭方向的位置应保持不变。', '![](images/de27ca615a7e39df5d4dddee4cfe257af4235e6e289902eba70803cd64276389.jpg)\n\n<details>\n<summary>text_image</summary>\n\n反转距离\n</details>\n\n图 2 车窗防夹反转距离测量\n\n# 5.2 天窗防夹功能试验方法\n\n# 5.2.1 防夹区域试验\n\n# 5.2.1.1 滑动天窗防夹区域试验\n\n在窗洞胶条边缘均匀选取三点作为测试位置(测试点需能放置直径为200 mm的测试棒)，按图3所示，分别用直径为4 mm的刚性测试棒，直径为100 mm、刚度为 $(10\\pm0.5)$ N/mm的测试棒，直径为200 mm、刚度为 $(10\\pm0.5)$ N/mm的测试棒在各测试点通过天窗伸出，测试棒轴线方向与天窗玻璃/遮阳帘关闭方向垂直；天窗玻璃/遮阳帘从最大开启位置自动关闭，验证在天窗玻璃/遮阳帘触碰测试棒后是否具备防夹功能，每个测试点测试3次。测试棒在整个测试期间相对于车顶及天窗玻璃/遮阳帘关闭方向的位置应保持不变。']",根据该标准，车窗防夹力应不大于 100 N。,100 N,1.0,0.8989578830278608,0.99999999995,1.0,汽车防夹系统标准中，车窗防夹力应不大于多少牛？,根据该标准，车窗防夹力应不大于 100 N。,md_collection
防夹力试验中，每个测试点测试几次，最终测试结果如何确定？,"['![](images/e80129a9ac7bfe4903a611b3567d79e6835c8d2530c47b0372f567b45eb7eb2e.jpg)\n\n<details>\n<summary>text_image</summary>\n\n天窗玻璃\n车身顶盖前端\n3\n2\n1\n测试棒\n测试点\n</details>\n\n图 4 起翘天窗防夹区域测试图\n\n# 5.2.2 防夹力试验\n\n# 5.2.2.1 滑动天窗防夹力试验\n\n使用防夹力测试设备在 5.2.1.1 规定的测试点进行防夹力测试。天窗玻璃/遮阳帘从最大开启位置自动关闭，每个测试点测试 3 次，取最大值作为最终测试结果。\n\n# 5.2.2.2 起翘天窗防夹力试验\n\n使用防夹力测试设备在 5.2.1.2 规定的测试点进行防夹力测试。天窗玻璃从最大开启位置自动关闭，每个测试点测试 3 次，取最大值作为最终测试结果。\n\n# 5.2.3 防夹反转距离试验\n\n如图 5 所示,用长度测量装置测量滑动天窗每个防夹测试点的初始位置到防夹后反向运动停止位置的运动距离。', '无防夹条:水平方向从背门全开位置到半锁位置形成的区域;垂直方向为背门下端区域(不包含距背门左、右边缘 $\\leqslant$ 50 mm 区域)。\n\n# 4.2.4.2 防夹力\n\n在防夹条区域背门防夹力应不大于 $50 \\, N$ ; 在底部区域背门防夹力应不大于 $150 \\, N$ 。\n\n# 4.2.4.3 防夹反转距离\n\n在自动开启或关闭过程中触发防夹后，背门应悬停或反向运动一定距离。\n\n# 5 试验方法\n\n# 5.1 车窗防夹功能试验方法\n\n# 5.1.1 防夹区域试验\n\n在车窗顶部胶条或门洞胶条(无框车门)下边缘均匀选取三点作为测试位置(前、后车门测试点需能放置直径为200 mm的测试棒)，按图1所示，分别用直径为4 mm的刚性测试棒，直径为100 mm、刚度为 $(10\\pm0.5)$ N/mm的测试棒，直径为200 mm、刚度为 $(10\\pm0.5)$ N/mm的测试棒在各测试点通过车窗伸出，测试棒轴线方向与车窗玻璃关闭方向垂直；车窗玻璃从最大开启位置自动上升，验证在车窗玻璃触碰测试棒后是否具备防夹功能，每个测试点测试3次。测试棒在整个测试期间相对于门框及车窗玻璃关闭方向的位置应保持不变。', '<details>\n<summary>text_image</summary>\n\n背门\n测试点\n底部无防夹条\n区域\n</details>\n\n图 11 背门底部关闭防夹区域测试图\n\n底部无防夹条区域开启测试，按表3、图10、图11规定的测试位置及方法，用刚度为 $(10\\pm 0.5)\\mathrm{N / mm}$ 的圆柱形橡胶块固定于车外表3规定的位置，圆柱形橡胶块轴线方向与背门开启方向平行；背门从全锁位置自动开启，验证背门触碰圆柱形橡胶块后是否具备防夹功能，每个测试点测试3次。圆柱形橡胶块在整个测试期间相对于车身侧围及背门关闭方向的位置应保持不变。\n\n# 5.4.1.2 无防夹胶条背门防夹区域试验\n\n底部无防夹条区域关闭测试，按表3、图10、图11规定的测试位置及方法，用刚度为 $(10\\pm 0.5)\\mathrm{N / mm}$ 的圆柱形橡胶块在测试点从车外伸入，圆柱形橡胶块轴线方向与背门关闭方向平行；背门从最大开启位置自动关闭，验证背门触碰圆柱形橡胶块后是否具备防夹功能，每个测试点测试3次。圆柱形橡胶块在整个测试期间相对于车身侧围及背门关闭方向的位置应保持不变。', '6.2.3.6 在正式试验前应预先完成 20 次 ±2 次循环。\n\n6.2.3.7 以频率 0.5 次/s 进行 1 000 次±5 次试验循环,行程为 300 mm±20 mm。50 N 载荷仅在每半个循环内的 100 mm±20 mm 移动区间内起作用。\n\n# 6.2.4 卷收器\n\n# 6.2.4.1 卷收力\n\n卷收力的测量应使用安全带总成,并安装在 6.1.3 规定的动态试验中的假人上。当织带以 10 mm/s 的速度回卷时,在最接近与假人接触处测量织带卷收力。\n\n# 6.2.4.2 卷收器耐久性\n\n织带应以不超过 30 次/min 的速度进行规定次数的拉出回卷试验。对于紧急锁止式卷收器，每 5 次循环应使卷收器锁止一次。锁止次数在 5 种不同拉出长度上应相同，即拉出缠绕在卷收器上织带总长度的 90%、80%、75%、70% 和 65%。但是，对于缠绕织带长度大于 900 mm 的情况，上述百分比应以织带可从卷收器中拉出的最后 900 mm 长度为准。\n\n# 6.2.4.3 紧急锁止式卷收器的锁止', '# 5.2.3 防夹反转距离试验\n\n如图 5 所示,用长度测量装置测量滑动天窗每个防夹测试点的初始位置到防夹后反向运动停止位置的运动距离。\n\n![](images/85ef73a89009a14150e6647dbdf8a81c89f280afdcb489be50f8edaded8c9c71.jpg)\n\n<details>\n<summary>text_image</summary>\n\n反转距离\n</details>\n\n图 5 滑动天窗防夹反转距离测量\n\n# 5.3 滑移门防夹功能试验方法\n\n# 5.3.1 防夹区域试验\n\n在表 1 规定的三个测试位置上均匀选取三点(上、下测试点需能放置直径为 10 mm 的测试棒)作为测试点(如图 6 所示)，用刚度为 $(10 \\pm 0.5)$ N/mm、直径为 4 mm 的测试棒在测试点从车内伸出，测试棒轴线方向与车辆纵向中心平面垂直；滑移门从最大开启位置自动关闭，验证滑移门触碰测试棒后是否具备防夹功能，每个测试点测试 1 次。测试棒在整个测试期间相对于车身侧围及滑移门关闭方向的位置应保持不变。\n\n表 1 测试位置']",防夹力试验中，每个测试点测试3次，取最大值作为最终测试结果。,每个测试点测试3次，取最大值作为最终测试结果。,1.0,0.9851029176607747,0.8333333332916666,1.0,防夹力试验中，每个测试点测试几次，最终测试结果如何确定？,防夹力试验中，每个测试点测试3次，取最大值作为最终测试结果。,md_collection
乘用车外部防护标准中，防撞梁有效重合尺寸应不小于多少毫米？若小于该值，防撞梁有效高度应不小于多少毫米？,"['w ——防撞梁有效宽度的数值,单位为毫米(mm);\n\n$w_{c}$ ——车辆宽度的数值,单位为毫米(mm)。\n\n# 5.3 保险杠动态试验\n\n# 5.3.1 正面保险杠动态试验\n\n保险杠壁障离地高度为 $455 \\, mm \\pm 3 \\, mm$ ，车辆以 $10.0 \\, km/h \\pm 0.5 \\, km/h$ 的速度 100% 重叠率撞击保险杠壁障，撞击过程中车辆中心线应与壁障中心线重合，最大允许横向偏差 $\\pm 50 \\, mm$ 。当车辆接触到碰撞壁障时，车辆的车身高度与撞击前车辆静态下测量的车身高差应不大于 $10 \\, mm$ ，如图 6 所示。\n\n![](images/86ce6a74fd9dbcbb5b29015505b44c484cb1565156242b7411dcc5df45f7d0f4.jpg)\n\n<details>\n<summary>natural_image</summary>\n\nTop-down schematic of a car showing front and side views with no text or symbols\n</details>', '# 5.2.4 防撞梁有效宽度测量\n\n防撞梁有效宽度测量如图 4 所示, 当车辆防撞梁两端高度小于防撞梁有效高度时, 两端的宽度将不被计算在防撞梁的有效宽度尺寸内。\n\n单位为毫米\n\n![](images/cd8ff0c29cb68113a581ace843e315ff919767ee5549624a914b12e4b0d90305.jpg)\n\n<details>\n<summary>text_image</summary>\n\nw₁\nw₂\nw₃\nk\n</details>\n\n标引序号说明：\n\n$w_{1}$ 、 $w_{2}$ 、 $w_{3}$ ——防撞梁有效宽度；\n\nk ——防撞梁有效高度。\n\n图 4 防撞梁有效宽度测量示意图\n\n# 5.2.5 车辆宽度测量\n\n用与水平面垂直的圆柱体过车轮中心线相切于车辆左右两侧,记录车辆接触点,测量两点(Y向)间距。应分别记录车辆前后宽度,如图5所示。\n\n![](images/b8eaa143695ef19571898ec918c757de08d0f803908b7973127d97f4edab0354.jpg)', '$h_{L}$ ——防撞梁左侧吸能盒中间位置高度的数值,单位为毫米(mm);\n\n$h_{R}$ ——防撞梁右侧吸能盒中间位置高度的数值,单位为毫米(mm)。\n\n# 5.2.3 防撞梁有效重合尺寸\n\n对应每个防撞梁高度测量位置区域,前防撞梁标记离地面垂直距离为 $455 \\, mm$ 的点,后防撞梁标记离地面垂直距离为 $405 \\, mm$ 的点,防撞梁重叠高度为防撞梁高度和保险杠壁障间的重叠高度,测量方法如图 3 所示。防撞梁有效重合尺寸计算公式如式(2)所示:\n\n$$\nL = M _ {\\mathrm{c}} \\times 0. 5 + \\left(M _ {\\mathrm{L}} + M _ {\\mathrm{R}}\\right) \\times 0. 2 5 \\dots \\tag {2}\n$$\n\n式中：\n\nL ——防撞梁有效重合尺寸的数值,单位为毫米(mm);\n\n$M_{c}$ ——防撞梁中间位置重叠高度的数值,单位为毫米(mm);\n\n$M_{L}$ ——防撞梁左侧吸能盒中间位置重叠高度的数值,单位为毫米(mm);\n\n$M_{R}$ ——防撞梁右侧吸能盒中间位置重叠高度的数值,单位为毫米(mm)。', '![](images/b8eaa143695ef19571898ec918c757de08d0f803908b7973127d97f4edab0354.jpg)\n\n<details>\n<summary>text_image</summary>\n\nw_c\n1\n1\n2\n</details>\n\n标引序号说明：\n\n1 ——接触点；\n\n2 ——地面；\n\n$w_{c}$ ——车辆宽度。\n\n图 5 车辆宽度测量示意图\n\n# 5.2.6 防撞梁有效宽度比率计算\n\n分别计算前后防撞梁有效宽度比率,计算公式如式(3)所示:\n\n$$\nn = (w / w _ {\\mathrm{c}}) \\times 100 \\% \\tag{3}\n$$\n\n式中：\n\nn ——防撞梁有效宽度比率；\n\nw ——防撞梁有效宽度的数值,单位为毫米(mm);\n\n$w_{c}$ ——车辆宽度的数值,单位为毫米(mm)。\n\n# 5.3 保险杠动态试验\n\n# 5.3.1 正面保险杠动态试验', '<details>\n<summary>text_image</summary>\n\nL\nC\nR\n</details>\n\n图 2 防撞梁有效高度测量位置示意图\n\n# 5.2.2.2 防撞梁有效高度计算\n\n分别计算前后防撞梁有效高度,防撞梁有效高度为三个测量位置的数值修正加权平均值,其中防撞梁中间位置权重为50%,防撞梁左侧吸能盒中间位置(L)及防撞梁右侧吸能盒中间位置(R)均为25%,计算公式如式(1)所示:\n\n$$\nk = h _ {\\mathrm{c}} \\times 0. 5 + \\left(h _ {\\mathrm{L}} + h _ {\\mathrm{R}}\\right) \\times 0. 2 5 \\quad \\dots \\tag {1}\n$$\n\n式中：\n\nk ——防撞梁有效高度的数值,单位为毫米(mm);\n\n$h_{c}$ ——防撞梁中间位置高度的数值,单位为毫米(mm);\n\n$h_{L}$ ——防撞梁左侧吸能盒中间位置高度的数值,单位为毫米(mm);\n\n$h_{R}$ ——防撞梁右侧吸能盒中间位置高度的数值,单位为毫米(mm)。\n\n# 5.2.3 防撞梁有效重合尺寸']",根据提供的文档，没有找到防撞梁有效重合尺寸应不小于的具体毫米数值，也没有找到当小于该值时防撞梁有效高度应不小于的数值要求。文档中仅给出了有效重合尺寸和有效高度的计算公式，未规定相应的最小限值。因此，我无法从文档中回答该问题。,防撞梁有效重合尺寸应不小于75 mm；若防撞梁有效重合尺寸小于75 mm，则防撞梁有效高度应不小于100 mm。,0.8333333333333334,0.0,0.0,0.0,乘用车外部防护标准中，防撞梁有效重合尺寸应不小于多少毫米？若小于该值，防撞梁有效高度应不小于多少毫米？,根据提供的文档，没有找到防撞梁有效重合尺寸应不小于的具体毫米数值，也没有找到当小于该值时防撞梁有效高度应不小于的数值要求。文档中仅给出了有效重合尺寸和有效高度的计算公式，未规定相应的最小限值。因此，我无法从文档中回答该问题。,md_collection
能量吸收器在垂直加载压溃工况下，刚性压溃面板的加载速度是多少？,"['图 A.6 偏心加载压溃工况的力-变形曲线示意图\n\n能量吸收器的碰撞表面的布氏硬度(BHN)值为 30～150，碰撞表面的动态摩擦系数为 0.2～0.5。', '图 A.5 垂直加载压溃工况的力-变形曲线示意图\n\n偏心加载压溃工况时，刚性矩形面板的长度为 160 mm，宽度为至少覆盖塑性吸收的一半高度（如 50 mm）；压溃过程中，加载面板沿着碰撞面旋转，力-变形曲线应符合图 A.6 所示的区域内。\n\n![](images/3c86febbbe42a0e21789095a1b0c849cd3ba853535adb51d02ebc72a9abfe33d.jpg)\n\n<details>\n<summary>line</summary>\n\n| 变形/mm | 下边界 | 上边界 |\n| ------- | ------ | ------ |\n| 5       | 0      | 1      |\n| 20      | 2      | 2      |\n| 35      | 2      | 6.5    |\n| 40      | 5      | 8      |\n| 45      | 5      |        |\n</details>\n\n图 A.6 偏心加载压溃工况的力-变形曲线示意图', '1 500\n99\nΦ50\nR 3 404\n</details>\n\n图 A.4 后防护板尺寸示意图\n\n# A.2 能量吸收器\n\n能量吸收器的压溃强度,刚性压溃面板的加载速度为 $450 \\, mm/min \\pm 50 \\, mm/min$ 。垂直加载压溃工况时,刚性矩形面板的长度为 $160 \\, mm$ ,宽度至少为覆盖塑性吸收的全部高度(如 $100 \\, mm$ );压溃过程中,力-变形曲线应符合图 A.5 所示的区域内。\n\n![](images/40dd15c8a57d68ddddd8bd2d8173c37256ad4442dd408451cb843f693575a133.jpg)\n\n<details>\n<summary>line</summary>', '<details>\n<summary>line</summary>\n\n| 变形/mm | 上边界 (kN) | 下边界 (kN) |\n| ------- | ----------- | ----------- |\n| 0       | 0           | 0           |\n| 5       | 4           | 0           |\n| 10      | 6           | 2           |\n| 15      | 7           | 3           |\n| 20      | 7           | 3           |\n| 30      | 8           | 3           |\n| 40      | 12          | 4           |\n| 50      | 12          | 8           |\n</details>\n\n图 A.5 垂直加载压溃工况的力-变形曲线示意图', '图 F.3 支撑腿脚评估体——侧视图\n\n单位为毫米\n\n![](images/2005bd278ea7b602763a42f0defa3679379ba8c7fc366eba9637af895cd7a061.jpg)\n\n<details>\n<summary>text_image</summary>\n\n525\n270\n200\n585\n695\n</details>\n\n图 F.4 支撑腿脚评估体——3D 视图\n\n# 附录 G\n\n# (规范性)\n\n# 吸能测试方法\n\n# G.1 头型\n\nG.1.1 头型由实木半球构成,外形如图 G.1 所示。头型结构应能使头型沿着标记的轴线自由下落,并能安装一个加速计,以便测量下落方向的加速度。  \nG.1.2 包括加速计在内的头型总质量应为 $2.75 \\, kg \\pm 0.05 \\, kg$ 。\n\n# G.2 仪器\n\n在试验过程中应记录加速度,仪器应符合 ISO 6487:2015 中规定的通道频率为 1000 级的要求。\n\n# G.3 试验程序']",根据文档，能量吸收器在垂直加载压溃工况下，刚性压溃面板的加载速度为 450 mm/min ± 50 mm/min。,"刚性压溃面板的加载速度为 $450 \, mm/min \pm 50 \, mm/min$。",1.0,0.9140049877383757,0.3333333333,1.0,能量吸收器在垂直加载压溃工况下，刚性压溃面板的加载速度是多少？,根据文档，能量吸收器在垂直加载压溃工况下，刚性压溃面板的加载速度为 450 mm/min ± 50 mm/min。,md_collection
